1/10/2019 00:00:00 0 0 0 0 2.5 0
2/10/2019 00:00:00 0 0 0 0 2.5 0
3/10/2019 00:00:00 0 0 0 0 2.5 0
4/10/2019 00:00:00 1 0 0 0 2.5 0
5/10/2019 00:00:00 0 0 0 0 2.5 0
6/10/2019 00:00:00 0 1 0 0 2.5 0
7/10/2019 00:00:00 1 0 0 0 2.5 0
8/10/2019 00:00:00 0 0 0 0 2.5 0
9/10/2019 00:00:00 1 0 0 0 2.5 0
10/10/2019 00:00:00 1 1 0 0 2.5 0
11/10/2019 00:00:00 1 0 0 0 2.5 0
12/10/2019 00:00:00 1 0 0 0 2.5 0
13/10/2019 00:00:00 1 1 0 0 2.5 0
14/10/2019 00:00:00 1 0 0 0 2.5 0
15/10/2019 00:00:00 2 1 0 0 2.5 0
16/10/2019 00:00:00 2 1 0 0 2.5 0
17/10/2019 00:00:00 2 1 0 0 2.5 0
18/10/2019 00:00:00 3 1 0 0 2.5 0
19/10/2019 00:00:00 3 1 0 0 2.5 0
20/10/2019 00:00:00 3 1 0 0 2.5 0
21/10/2019 00:00:00 4 2 0 0 2.5 0
22/10/2019 00:00:00 5 2 0 0 2.5 0
23/10/2019 00:00:00 5 2 0 0 2.5 0
24/10/2019 00:00:00 6 2 0 0 2.5 0
25/10/2019 00:00:00 8 3 0 0 2.5 0
26/10/2019 00:00:00 8 4 0 0 2.5 0
27/10/2019 00:00:00 10 4 0 0 2.5 0
28/10/2019 00:00:00 11 4 0 0 2.5 0
29/10/2019 00:00:00 14 5 0 0 2.5 0
30/10/2019 00:00:00 15 7 0 0 2.5 0
31/10/2019 00:00:00 18 7 0 0 2.5 0
1/11/2019 00:00:00 21 8 0 0 2.5 0
2/11/2019 00:00:00 24 10 0 0 2.5 0
3/11/2019 00:00:00 28 11 0 0 2.5 0
4/11/2019 00:00:00 32 13 0 0 2.5 0
5/11/2019 00:00:00 38 15 0 0 2.5 0
6/11/2019 00:00:00 44 18 0 0 2.5 0
7/11/2019 00:00:00 51 20 0 0 2.5 0
8/11/2019 00:00:00 59 24 0 0 2.5 0
9/11/2019 00:00:00 69 27 0 0 2.5 0
10/11/2019 00:00:00 80 32 0 0 2.5 0
11/11/2019 00:00:00 93 37 1 0 2.5 0
12/11/2019 00:00:00 108 44 0 0 2.5 0
13/11/2019 00:00:00 125 50 0 0 2.5 0
14/11/2019 00:00:00 146 58 0 0 2.5 0
15/11/2019 00:00:00 169 68 0 0 2.5 0
16/11/2019 00:00:00 197 78 0 0 2.5 0
17/11/2019 00:00:00 228 92 0 0 2.5 0
18/11/2019 00:00:00 265 106 1 0 2.5 0
19/11/2019 00:00:00 308 123 0 0 2.5 0
20/11/2019 00:00:00 358 143 0 0 2.5 0
21/11/2019 00:00:00 415 166 0 0 2.5 0
22/11/2019 00:00:00 483 193 1 0 2.5 0
23/11/2019 00:00:00 561 225 0 0 2.5 0
24/11/2019 00:00:00 651 260 1 0 2.5 0
25/11/2019 00:00:00 756 303 0 0 2.5 0
26/11/2019 00:00:00 879 351 1 0 2.5 0
27/11/2019 00:00:00 1021 408 1 0 2.5 0
28/11/2019 00:00:00 1185 475 1 0 2.5 0
29/11/2019 00:00:00 1378 551 1 0 2.5 0
30/11/2019 00:00:00 1599 640 1 0 2.5 0
1/12/2019 00:00:00 1858 743 2 0 2.5 0
2/12/2019 00:00:00 2158 863 1 0 2.5 0
3/12/2019 00:00:00 2507 1003 2 0 2.5 0
4/12/2019 00:00:00 2911 1165 3 0 2.5 0
5/12/2019 00:00:00 3382 1353 2 0 2.5 0
6/12/2019 00:00:00 3928 1572 4 0 2.5 0
7/12/2019 00:00:00 4561 1825 3 0 2.5 0
8/12/2019 00:00:00 5298 2120 4 0 2.5 0
9/12/2019 00:00:00 6153 2462 5 0 2.5 0
10/12/2019 00:00:00 7146 2860 6 0 2.5 0
11/12/2019 00:00:00 8299 3322 7 0 2.5 0
12/12/2019 00:00:00 9637 3858 7 0 2.5 0
13/12/2019 00:00:00 11190 4480 9 0 2.5 0
14/12/2019 00:00:00 12994 5203 11 0 2.5 0
15/12/2019 00:00:00 15087 6042 12 0 2.5 0
16/12/2019 00:00:00 17515 7016 14 0 2.5 0
17/12/2019 00:00:00 20334 8147 16 0 2.5 0
18/12/2019 00:00:00 23603 9459 19 0 2.5 0
19/12/2019 00:00:00 27394 10982 22 0 2.5 0
20/12/2019 00:00:00 31792 12750 26 0 2.5 0
21/12/2019 00:00:00 36887 14799 29 0 2.5 0
22/12/2019 00:00:00 42794 17177 35 0 2.5 0
23/12/2019 00:00:00 49635 19934 39 0 2.5 0
24/12/2019 00:00:00 57556 23131 47 0 2.5 0
25/12/2019 00:00:00 66723 26834 53 0 2.5 0
26/12/2019 00:00:00 77326 31126 63 0 2.5 0
27/12/2019 00:00:00 89578 36094 72 0 2.5 0
28/12/2019 00:00:00 103727 41845 84 0 2.5 0
29/12/2019 00:00:00 120053 48496 97 0 2.5 0
30/12/2019 00:00:00 138867 56185 112 0 2.5 0
31/12/2019 00:00:00 160521 65065 130 0 2.5 0
1/1/2020 00:00:00 185409 75312 151 0 2.5 0
2/1/2020 00:00:00 213964 87124 174 4.15e+007 2.5 1
3/1/2020 00:00:00 162537 98062 196 4.15e+007 0.900016 1
4/1/2020 00:00:00 87570 99430 199 4.15e+007 0.9 1
5/1/2020 00:00:00 86417 98227 196 4.15e+007 0.9 1
6/1/2020 00:00:00 85273 97029 194 4.15e+007 0.9 1
7/1/2020 00:00:00 84138 95837 192 4.15e+007 0.9 1
8/1/2020 00:00:00 83010 94652 189 4.15e+007 0.9 1
9/1/2020 00:00:00 81892 93471 187 4.15e+007 0.9 1
10/1/2020 00:00:00 80783 92298 185 4.15e+007 0.9 1
11/1/2020 00:00:00 79682 91131 182 4.15e+007 0.9 1
12/1/2020 00:00:00 78592 89972 180 4.15e+007 0.9 1
13/1/2020 00:00:00 77509 88819 178 4.15e+007 0.9 1
14/1/2020 00:00:00 76437 87675 175 4.15e+007 0.9 1
15/1/2020 00:00:00 75375 86537 173 4.15e+007 0.9 1
16/1/2020 00:00:00 74321 85407 171 4.15e+007 0.9 1
17/1/2020 00:00:00 73277 84286 169 4.15e+007 0.9 1
18/1/2020 00:00:00 72244 83172 166 4.15e+007 0.9 1
19/1/2020 00:00:00 71220 82067 164 4.15e+007 0.9 1
20/1/2020 00:00:00 70206 80969 162 4.15e+007 0.9 1
21/1/2020 00:00:00 69202 79882 160 4.15e+007 0.9 1
22/1/2020 00:00:00 68208 78802 157 4.15e+007 0.9 1
23/1/2020 00:00:00 67224 77732 156 4.15e+007 0.9 1
24/1/2020 00:00:00 66250 76669 153 4.15e+007 0.9 1
25/1/2020 00:00:00 65287 75617 151 4.15e+007 0.9 1
26/1/2020 00:00:00 64334 74574 150 4.15e+007 0.9 1
27/1/2020 00:00:00 63390 73539 147 4.15e+007 0.9 1
28/1/2020 00:00:00 62457 72514 145 4.15e+007 0.9 1
29/1/2020 00:00:00 61535 71499 143 4.15e+007 0.9 1
30/1/2020 00:00:00 60622 70493 141 4.15e+007 0.9 1
31/1/2020 00:00:00 59721 69496 139 4.15e+007 0.9 1
1/2/2020 00:00:00 58828 68510 137 4.15e+007 0.9 1
2/2/2020 00:00:00 57946 67533 135 4.15e+007 0.9 1
3/2/2020 00:00:00 57075 66566 133 4.15e+007 0.9 1
4/2/2020 00:00:00 56214 65608 131 4.15e+007 0.9 1
5/2/2020 00:00:00 55363 64660 129 4.15e+007 0.9 1
6/2/2020 00:00:00 54522 63723 128 4.15e+007 0.9 1
7/2/2020 00:00:00 53691 62795 125 4.15e+007 0.9 1
8/2/2020 00:00:00 52870 61877 124 4.15e+007 0.9 1
9/2/2020 00:00:00 52060 60969 122 4.15e+007 0.9 1
10/2/2020 00:00:00 51260 60071 120 4.15e+007 0.9 1
11/2/2020 00:00:00 50469 59182 119 4.15e+007 0.9 1
12/2/2020 00:00:00 49688 58304 116 4.15e+007 0.9 1
13/2/2020 00:00:00 48918 57437 115 4.15e+007 0.9 1
14/2/2020 00:00:00 48156 56577 113 4.15e+007 0.9 1
15/2/2020 00:00:00 47406 55730 112 4.15e+007 0.9 1
16/2/2020 00:00:00 46664 54890 109 4.15e+007 0.9 1
17/2/2020 00:00:00 45933 54062 109 4.15e+007 0.9 1
18/2/2020 00:00:00 45211 53244 106 4.15e+007 0.9 1
19/2/2020 00:00:00 44499 52434 105 4.15e+007 0.9 1
20/2/2020 00:00:00 43795 51635 103 4.15e+007 0.9 1
21/2/2020 00:00:00 43102 50846 102 4.15e+007 0.9 1
22/2/2020 00:00:00 42418 50066 100 4.15e+007 0.9 1
23/2/2020 00:00:00 41743 49296 99 4.15e+007 0.9 1
24/2/2020 00:00:00 41077 48535 97 4.15e+007 0.9 1
25/2/2020 00:00:00 40421 47785 95 4.15e+007 0.9 1
26/2/2020 00:00:00 39773 47044 94 4.15e+007 0.9 1
27/2/2020 00:00:00 39135 46312 93 4.15e+007 0.9 1
28/2/2020 00:00:00 38506 45590 91 4.15e+007 0.9 1
29/2/2020 00:00:00 37885 44877 90 4.15e+007 0.9 1
1/3/2020 00:00:00 37272 44173 88 4.15e+007 0.9 1
2/3/2020 00:00:00 36670 43480 87 4.15e+007 0.9 1
3/3/2020 00:00:00 36075 42794 86 4.15e+007 0.9 1
4/3/2020 00:00:00 35489 42118 84 4.15e+007 0.9 1
5/3/2020 00:00:00 34911 41451 83 4.15e+007 0.9 1
6/3/2020 00:00:00 34342 40794 82 4.15e+007 0.9 1
7/3/2020 00:00:00 33781 40145 80 4.15e+007 0.9 1
8/3/2020 00:00:00 33228 39504 79 4.15e+007 0.9 1
9/3/2020 00:00:00 32683 38874 78 4.15e+007 0.9 1
10/3/2020 00:00:00 32146 38251 76 4.15e+007 0.9 1
11/3/2020 00:00:00 31618 37637 75 4.15e+007 0.9 1
12/3/2020 00:00:00 31096 37032 74 4.15e+007 0.9 1
13/3/2020 00:00:00 30583 36436 73 4.15e+007 0.9 1
14/3/2020 00:00:00 30078 35847 72 4.15e+007 0.9 1
15/3/2020 00:00:00 29580 35267 71 4.15e+007 0.9 1
16/3/2020 00:00:00 29089 34695 69 4.15e+007 0.9 1
17/3/2020 00:00:00 28606 34132 68 4.15e+007 0.9 1
18/3/2020 00:00:00 28130 33577 67 4.15e+007 0.9 1
19/3/2020 00:00:00 27661 33029 66 4.15e+007 0.9 1
20/3/2020 00:00:00 27201 32490 65 4.15e+007 0.9 1
21/3/2020 00:00:00 26746 31958 64 4.15e+007 0.9 1
22/3/2020 00:00:00 26298 31435 63 4.15e+007 0.9 1
23/3/2020 00:00:00 25858 30918 62 4.15e+007 0.9 1
24/3/2020 00:00:00 25424 30410 61 4.15e+007 0.9 1
25/3/2020 00:00:00 24998 29909 60 4.15e+007 0.9 1
26/3/2020 00:00:00 24577 29416 58 4.15e+007 0.9 1
27/3/2020 00:00:00 24163 28930 58 4.15e+007 0.9 1
28/3/2020 00:00:00 23756 28451 57 4.15e+007 0.9 1
29/3/2020 00:00:00 23356 27979 56 4.15e+007 0.9 1
30/3/2020 00:00:00 22960 27515 55 4.15e+007 0.9 1
31/3/2020 00:00:00 22572 27057 54 4.15e+007 0.9 1
1/4/2020 00:00:00 22190 26607 54 0 0.9 0
2/4/2020 00:00:00 42425 26822 53 0 2.49998 0
3/4/2020 00:00:00 69085 29855 60 0 2.5 0
4/4/2020 00:00:00 78685 34037 68 0 2.5 0
5/4/2020 00:00:00 89587 38795 78 0 2.5 0
6/4/2020 00:00:00 101955 44207 88 0 2.5 0
7/4/2020 00:00:00 115977 50357 101 0 2.5 0
8/4/2020 00:00:00 131852 57344 114 0 2.5 0
9/4/2020 00:00:00 149810 65274 131 0 2.5 0
10/4/2020 00:00:00 170090 74267 148 0 2.5 0
11/4/2020 00:00:00 192964 84455 169 0 2.5 0
12/4/2020 00:00:00 218712 95986 192 4.15e+007 2.5 1
13/4/2020 00:00:00 163674 106352 213 4.15e+007 0.900016 1
14/4/2020 00:00:00 87368 106956 214 4.15e+007 0.9 1
15/4/2020 00:00:00 85663 104989 210 4.15e+007 0.9 1
16/4/2020 00:00:00 83984 103049 206 4.15e+007 0.9 1
17/4/2020 00:00:00 82335 101135 202 4.15e+007 0.9 1
18/4/2020 00:00:00 80710 99248 199 4.15e+007 0.9 1
19/4/2020 00:00:00 79113 97387 195 4.15e+007 0.9 1
20/4/2020 00:00:00 77542 95554 191 4.15e+007 0.9 1
21/4/2020 00:00:00 75998 93748 187 4.15e+007 0.9 1
22/4/2020 00:00:00 74480 91966 184 4.15e+007 0.9 1
23/4/2020 00:00:00 72987 90213 181 4.15e+007 0.9 1
24/4/2020 00:00:00 71520 88486 177 4.15e+007 0.9 1
25/4/2020 00:00:00 70079 86784 173 4.15e+007 0.9 1
26/4/2020 00:00:00 68662 85110 170 4.15e+007 0.9 1
27/4/2020 00:00:00 67271 83461 167 4.15e+007 0.9 1
28/4/2020 00:00:00 65903 81838 164 4.15e+007 0.9 1
29/4/2020 00:00:00 64561 80242 160 4.15e+007 0.9 1
30/4/2020 00:00:00 63242 78670 158 4.15e+007 0.9 1
1/5/2020 00:00:00 61947 77124 154 4.15e+007 0.9 1
2/5/2020 00:00:00 60676 75603 151 4.15e+007 0.9 1
3/5/2020 00:00:00 59427 74109 148 4.15e+007 0.9 1
4/5/2020 00:00:00 58202 72638 146 4.15e+007 0.9 1
5/5/2020 00:00:00 56998 71191 142 4.15e+007 0.9 1
6/5/2020 00:00:00 55818 69771 140 4.15e+007 0.9 1
7/5/2020 00:00:00 54660 68374 136 4.15e+007 0.9 1
8/5/2020 00:00:00 53522 67000 134 4.15e+007 0.9 1
9/5/2020 00:00:00 52407 65651 132 4.15e+007 0.9 1
10/5/2020 00:00:00 51312 64325 128 4.15e+007 0.9 1
11/5/2020 00:00:00 50239 63023 126 4.15e+007 0.9 1
12/5/2020 00:00:00 49185 61743 124 4.15e+007 0.9 1
13/5/2020 00:00:00 48152 60486 121 4.15e+007 0.9 1
14/5/2020 00:00:00 47139 59252 118 4.15e+007 0.9 1
15/5/2020 00:00:00 46145 58040 116 4.15e+007 0.9 1
16/5/2020 00:00:00 45171 56850 114 4.15e+007 0.9 1
17/5/2020 00:00:00 44216 55681 111 4.15e+007 0.9 1
18/5/2020 00:00:00 43278 54535 110 4.15e+007 0.9 1
19/5/2020 00:00:00 42361 53408 106 4.15e+007 0.9 1
20/5/2020 00:00:00 41460 52303 105 4.15e+007 0.9 1
21/5/2020 00:00:00 40578 51219 102 4.15e+007 0.9 1
22/5/2020 00:00:00 39712 50155 101 4.15e+007 0.9 1
23/5/2020 00:00:00 38865 49110 98 4.15e+007 0.9 1
24/5/2020 00:00:00 38034 48086 96 4.15e+007 0.9 1
25/5/2020 00:00:00 37220 47080 94 4.15e+007 0.9 1
26/5/2020 00:00:00 36422 46095 92 4.15e+007 0.9 1
27/5/2020 00:00:00 35641 45127 91 4.15e+007 0.9 1
28/5/2020 00:00:00 34874 44180 88 4.15e+007 0.9 1
29/5/2020 00:00:00 34124 43248 87 4.15e+007 0.9 1
30/5/2020 00:00:00 33388 42337 84 4.15e+007 0.9 1
31/5/2020 00:00:00 32669 41442 83 4.15e+007 0.9 1
1/6/2020 00:00:00 31962 40566 81 4.15e+007 0.9 1
2/6/2020 00:00:00 31272 39705 80 4.15e+007 0.9 1
3/6/2020 00:00:00 30595 38863 77 4.15e+007 0.9 1
4/6/2020 00:00:00 29932 38036 76 4.15e+007 0.9 1
5/6/2020 00:00:00 29282 37226 75 4.15e+007 0.9 1
6/6/2020 00:00:00 28647 36433 73 4.15e+007 0.9 1
7/6/2020 00:00:00 28024 35654 71 4.15e+007 0.9 1
8/6/2020 00:00:00 27414 34892 70 4.15e+007 0.9 1
9/6/2020 00:00:00 26817 34145 68 4.15e+007 0.9 1
10/6/2020 00:00:00 26233 33413 67 4.15e+007 0.9 1
11/6/2020 00:00:00 25660 32696 65 4.15e+007 0.9 1
12/6/2020 00:00:00 25100 31992 64 4.15e+007 0.9 1
13/6/2020 00:00:00 24551 31304 63 4.15e+007 0.9 1
14/6/2020 00:00:00 24014 30630 61 4.15e+007 0.9 1
15/6/2020 00:00:00 23488 29968 60 4.15e+007 0.9 1
16/6/2020 00:00:00 22974 29322 59 4.15e+007 0.9 1
17/6/2020 00:00:00 22469 28687 57 4.15e+007 0.9 1
18/6/2020 00:00:00 21977 28066 56 4.15e+007 0.9 1
19/6/2020 00:00:00 21493 27458 55 4.15e+007 0.9 1
20/6/2020 00:00:00 21021 26862 54 4.15e+007 0.9 1
21/6/2020 00:00:00 20559 26279 52 4.15e+007 0.9 1
22/6/2020 00:00:00 20106 25708 52 4.15e+007 0.9 1
23/6/2020 00:00:00 19663 25148 50 4.15e+007 0.9 1
24/6/2020 00:00:00 19230 24601 49 4.15e+007 0.9 1
25/6/2020 00:00:00 18806 24064 49 4.15e+007 0.9 1
26/6/2020 00:00:00 18390 23539 47 4.15e+007 0.9 1
27/6/2020 00:00:00 17985 23025 46 4.15e+007 0.9 1
28/6/2020 00:00:00 17586 22522 45 4.15e+007 0.9 1
29/6/2020 00:00:00 17198 22029 44 4.15e+007 0.9 1
30/6/2020 00:00:00 16818 21547 43 4.15e+007 0.9 1
1/7/2020 00:00:00 16445 21074 42 4.15e+007 0.9 1
2/7/2020 00:00:00 16080 20612 41 4.15e+007 0.9 1
3/7/2020 00:00:00 15725 20160 41 4.15e+007 0.9 1
4/7/2020 00:00:00 15375 19717 39 4.15e+007 0.9 1
5/7/2020 00:00:00 15035 19284 39 4.15e+007 0.9 1
6/7/2020 00:00:00 14700 18859 37 4.15e+007 0.9 1
7/7/2020 00:00:00 14374 18444 37 4.15e+007 0.9 1
8/7/2020 00:00:00 14055 18038 36 4.15e+007 0.9 1
9/7/2020 00:00:00 13742 17641 36 4.15e+007 0.9 1
10/7/2020 00:00:00 13437 17251 34 4.15e+007 0.9 1
11/7/2020 00:00:00 13137 16870 34 0 0.9 0
12/7/2020 00:00:00 24921 16885 34 0 2.49998 0
13/7/2020 00:00:00 40070 18537 37 0 2.5 0
14/7/2020 00:00:00 44967 20815 41 0 2.5 0
15/7/2020 00:00:00 50452 23370 47 0 2.5 0
16/7/2020 00:00:00 56593 26233 52 0 2.5 0
17/7/2020 00:00:00 63465 29444 59 0 2.5 0
18/7/2020 00:00:00 71150 33040 66 0 2.5 0
19/7/2020 00:00:00 79739 37069 75 0 2.5 0
20/7/2020 00:00:00 89332 41576 83 0 2.5 0
21/7/2020 00:00:00 100039 46622 93 0 2.5 0
22/7/2020 00:00:00 111976 52263 104 0 2.5 0
23/7/2020 00:00:00 125273 58566 118 0 2.5 0
24/7/2020 00:00:00 140068 65606 131 0 2.5 0
25/7/2020 00:00:00 156509 73460 147 0 2.5 0
26/7/2020 00:00:00 174753 82216 164 0 2.5 0
27/7/2020 00:00:00 194967 91967 184 0 2.5 0
28/7/2020 00:00:00 217324 102814 206 4.15e+007 2.5 1
29/7/2020 00:00:00 160390 112267 224 4.15e+007 0.900016 1
30/7/2020 00:00:00 84883 112045 224 4.15e+007 0.9 1
31/7/2020 00:00:00 82730 109334 219 4.15e+007 0.9 1
1/8/2020 00:00:00 80627 106681 213 4.15e+007 0.9 1
2/8/2020 00:00:00 78573 104081 209 4.15e+007 0.9 1
3/8/2020 00:00:00 76566 101536 203 4.15e+007 0.9 1
4/8/2020 00:00:00 74608 99047 198 4.15e+007 0.9 1
5/8/2020 00:00:00 72694 96609 193 4.15e+007 0.9 1
6/8/2020 00:00:00 70827 94225 188 4.15e+007 0.9 1
7/8/2020 00:00:00 69004 91891 184 4.15e+007 0.9 1
8/8/2020 00:00:00 67224 89610 179 4.15e+007 0.9 1
9/8/2020 00:00:00 65487 87379 175 4.15e+007 0.9 1
10/8/2020 00:00:00 63792 85196 171 4.15e+007 0.9 1
11/8/2020 00:00:00 62138 83064 166 4.15e+007 0.9 1
12/8/2020 00:00:00 60524 80978 162 4.15e+007 0.9 1
13/8/2020 00:00:00 58950 78940 157 4.15e+007 0.9 1
14/8/2020 00:00:00 57414 76948 154 4.15e+007 0.9 1
15/8/2020 00:00:00 55916 75002 150 4.15e+007 0.9 1
16/8/2020 00:00:00 54455 73101 147 4.15e+007 0.9 1
17/8/2020 00:00:00 53029 71243 142 4.15e+007 0.9 1
18/8/2020 00:00:00 51640 69429 139 4.15e+007 0.9 1
19/8/2020 00:00:00 50284 67658 135 4.15e+007 0.9 1
20/8/2020 00:00:00 48963 65927 132 4.15e+007 0.9 1
21/8/2020 00:00:00 47675 64238 129 4.15e+007 0.9 1
22/8/2020 00:00:00 46419 62589 125 4.15e+007 0.9 1
23/8/2020 00:00:00 45195 60979 122 4.15e+007 0.9 1
24/8/2020 00:00:00 44001 59407 119 4.15e+007 0.9 1
25/8/2020 00:00:00 42838 57874 115 4.15e+007 0.9 1
26/8/2020 00:00:00 41704 56377 113 4.15e+007 0.9 1
27/8/2020 00:00:00 40600 54916 110 4.15e+007 0.9 1
28/8/2020 00:00:00 39522 53491 107 4.15e+007 0.9 1
29/8/2020 00:00:00 38473 52101 104 4.15e+007 0.9 1
30/8/2020 00:00:00 37451 50745 102 4.15e+007 0.9 1
31/8/2020 00:00:00 36455 49422 98 4.15e+007 0.9 1
1/9/2020 00:00:00 35484 48131 97 4.15e+007 0.9 1
2/9/2020 00:00:00 34538 46873 93 4.15e+007 0.9 1
3/9/2020 00:00:00 33618 45645 92 4.15e+007 0.9 1
4/9/2020 00:00:00 32719 44449 89 4.15e+007 0.9 1
5/9/2020 00:00:00 31846 43281 86 4.15e+007 0.9 1
6/9/2020 00:00:00 30994 42144 84 4.15e+007 0.9 1
7/9/2020 00:00:00 30165 41035 82 4.15e+007 0.9 1
8/9/2020 00:00:00 29357 39953 80 4.15e+007 0.9 1
9/9/2020 00:00:00 28570 38900 78 4.15e+007 0.9 1
10/9/2020 00:00:00 27804 37871 76 4.15e+007 0.9 1
11/9/2020 00:00:00 27058 36871 74 4.15e+007 0.9 1
12/9/2020 00:00:00 26331 35894 71 4.15e+007 0.9 1
13/9/2020 00:00:00 25624 34943 70 4.15e+007 0.9 1
14/9/2020 00:00:00 24934 34017 68 4.15e+007 0.9 1
15/9/2020 00:00:00 24264 33113 67 4.15e+007 0.9 1
16/9/2020 00:00:00 23610 32233 64 4.15e+007 0.9 1
17/9/2020 00:00:00 22975 31375 63 4.15e+007 0.9 1
18/9/2020 00:00:00 22355 30540 61 4.15e+007 0.9 1
19/9/2020 00:00:00 21752 29726 59 4.15e+007 0.9 1
20/9/2020 00:00:00 21165 28934 58 4.15e+007 0.9 1
21/9/2020 00:00:00 20594 28160 57 4.15e+007 0.9 1
22/9/2020 00:00:00 20038 27409 54 4.15e+007 0.9 1
23/9/2020 00:00:00 19496 26675 54 4.15e+007 0.9 1
24/9/2020 00:00:00 18969 25962 52 4.15e+007 0.9 1
25/9/2020 00:00:00 18456 25267 50 4.15e+007 0.9 1
26/9/2020 00:00:00 17956 24589 49 4.15e+007 0.9 1
27/9/2020 00:00:00 17470 23930 48 4.15e+007 0.9 1
28/9/2020 00:00:00 16997 23288 47 4.15e+007 0.9 1
29/9/2020 00:00:00 16537 22662 45 4.15e+007 0.9 1
30/9/2020 00:00:00 16088 22053 44 4.15e+007 0.9 1
1/10/2020 00:00:00 15652 21461 43 4.15e+007 0.9 1
2/10/2020 00:00:00 15227 20883 42 4.15e+007 0.9 1
3/10/2020 00:00:00 14815 20320 41 4.15e+007 0.9 1
4/10/2020 00:00:00 14411 19774 39 4.15e+007 0.9 1
5/10/2020 00:00:00 14021 19240 39 4.15e+007 0.9 1
6/10/2020 00:00:00 13640 18722 37 4.15e+007 0.9 1
7/10/2020 00:00:00 13269 18216 36 4.15e+007 0.9 1
8/10/2020 00:00:00 12908 17725 36 4.15e+007 0.9 1
9/10/2020 00:00:00 12557 17246 34 4.15e+007 0.9 1
10/10/2020 00:00:00 12216 16780 34 4.15e+007 0.9 1
11/10/2020 00:00:00 11883 16326 33 4.15e+007 0.9 1
12/10/2020 00:00:00 11560 15885 31 4.15e+007 0.9 1
13/10/2020 00:00:00 11245 15455 31 4.15e+007 0.9 1
14/10/2020 00:00:00 10939 15036 30 4.15e+007 0.9 1
15/10/2020 00:00:00 10640 14630 30 4.15e+007 0.9 1
16/10/2020 00:00:00 10351 14232 28 4.15e+007 0.9 1
17/10/2020 00:00:00 10069 13848 28 4.15e+007 0.9 1
18/10/2020 00:00:00 9795 13471 27 0 0.9 0
19/10/2020 00:00:00 18441 13392 27 0 2.49998 0
20/10/2020 00:00:00 29296 14515 29 0 2.5 0
21/10/2020 00:00:00 32415 16067 32 0 2.5 0
22/10/2020 00:00:00 35858 17783 35 0 2.5 0
23/10/2020 00:00:00 39663 19681 40 0 2.5 0
24/10/2020 00:00:00 43863 21778 43 0 2.5 0
25/10/2020 00:00:00 48497 24096 48 0 2.5 0
26/10/2020 00:00:00 53609 26656 54 0 2.5 0
27/10/2020 00:00:00 59247 29485 59 0 2.5 0
28/10/2020 00:00:00 65459 32606 65 0 2.5 0
29/10/2020 00:00:00 72302 36052 72 0 2.5 0
30/10/2020 00:00:00 79832 39853 80 0 2.5 0
31/10/2020 00:00:00 88117 44044 88 0 2.5 0
1/11/2020 00:00:00 97222 48663 97 0 2.5 0
2/11/2020 00:00:00 107220 53750 108 0 2.5 0
3/11/2020 00:00:00 118189 59351 118 0 2.5 0
4/11/2020 00:00:00 130212 65511 131 0 2.5 0
5/11/2020 00:00:00 143373 72281 145 0 2.5 0
6/11/2020 00:00:00 157763 79719 159 0 2.5 0
7/11/2020 00:00:00 173472 87879 176 0 2.5 0
8/11/2020 00:00:00 190598 96823 194 0 2.5 0
9/11/2020 00:00:00 209234 106616 213 4.15e+007 2.5 1
10/11/2020 00:00:00 152474 114868 230 4.15e+007 0.900016 1
11/11/2020 00:00:00 80063 113843 227 4.15e+007 0.9 1
12/11/2020 00:00:00 77608 110487 221 4.15e+007 0.9 1
13/11/2020 00:00:00 75227 107222 215 4.15e+007 0.9 1
14/11/2020 00:00:00 72913 104045 208 4.15e+007 0.9 1
15/11/2020 00:00:00 70669 100954 202 4.15e+007 0.9 1
16/11/2020 00:00:00 68490 97947 196 4.15e+007 0.9 1
17/11/2020 00:00:00 66376 95022 190 4.15e+007 0.9 1
18/11/2020 00:00:00 64324 92179 184 4.15e+007 0.9 1
19/11/2020 00:00:00 62334 89415 179 4.15e+007 0.9 1
20/11/2020 00:00:00 60402 86726 173 4.15e+007 0.9 1
21/11/2020 00:00:00 58528 84114 169 4.15e+007 0.9 1
22/11/2020 00:00:00 56711 81575 163 4.15e+007 0.9 1
23/11/2020 00:00:00 54947 79108 158 4.15e+007 0.9 1
24/11/2020 00:00:00 53238 76711 153 4.15e+007 0.9 1
25/11/2020 00:00:00 51579 74383 149 4.15e+007 0.9 1
26/11/2020 00:00:00 49971 72120 144 4.15e+007 0.9 1
27/11/2020 00:00:00 48412 69923 140 4.15e+007 0.9 1
28/11/2020 00:00:00 46899 67789 136 4.15e+007 0.9 1
29/11/2020 00:00:00 45432 65717 131 4.15e+007 0.9 1
30/11/2020 00:00:00 44011 63706 128 4.15e+007 0.9 1
1/12/2020 00:00:00 42633 61752 123 4.15e+007 0.9 1
2/12/2020 00:00:00 41297 59857 120 4.15e+007 0.9 1
3/12/2020 00:00:00 40001 58016 116 4.15e+007 0.9 1
4/12/2020 00:00:00 38745 56230 112 4.15e+007 0.9 1
5/12/2020 00:00:00 37529 54496 109 4.15e+007 0.9 1
6/12/2020 00:00:00 36349 52814 106 4.15e+007 0.9 1
7/12/2020 00:00:00 35205 51182 102 4.15e+007 0.9 1
8/12/2020 00:00:00 34098 49598 100 4.15e+007 0.9 1
9/12/2020 00:00:00 33024 48061 96 4.15e+007 0.9 1
10/12/2020 00:00:00 31983 46571 93 4.15e+007 0.9 1
11/12/2020 00:00:00 30974 45125 90 4.15e+007 0.9 1
12/12/2020 00:00:00 29998 43722 87 4.15e+007 0.9 1
13/12/2020 00:00:00 29051 42362 85 4.15e+007 0.9 1
14/12/2020 00:00:00 28133 41043 82 4.15e+007 0.9 1
15/12/2020 00:00:00 27244 39763 80 4.15e+007 0.9 1
16/12/2020 00:00:00 26383 38523 77 4.15e+007 0.9 1
17/12/2020 00:00:00 25549 37320 75 4.15e+007 0.9 1
18/12/2020 00:00:00 24740 36153 72 4.15e+007 0.9 1
19/12/2020 00:00:00 23957 35022 70 4.15e+007 0.9 1
20/12/2020 00:00:00 23198 33926 68 4.15e+007 0.9 1
21/12/2020 00:00:00 22464 32863 65 4.15e+007 0.9 1
22/12/2020 00:00:00 21751 31832 64 4.15e+007 0.9 1
23/12/2020 00:00:00 21062 30834 62 4.15e+007 0.9 1
24/12/2020 00:00:00 20394 29865 59 4.15e+007 0.9 1
25/12/2020 00:00:00 19746 28927 58 4.15e+007 0.9 1
26/12/2020 00:00:00 19120 28018 56 4.15e+007 0.9 1
27/12/2020 00:00:00 18513 27136 55 4.15e+007 0.9 1
28/12/2020 00:00:00 17925 26282 52 4.15e+007 0.9 1
29/12/2020 00:00:00 17355 25454 51 4.15e+007 0.9 1
30/12/2020 00:00:00 16804 24651 49 4.15e+007 0.9 1
31/12/2020 00:00:00 16269 23875 48 4.15e+007 0.9 1
1/1/2021 00:00:00 15752 23121 46 4.15e+007 0.9 1
2/1/2021 00:00:00 15251 22391 45 4.15e+007 0.9 1
3/1/2021 00:00:00 14766 21683 44 4.15e+007 0.9 1
4/1/2021 00:00:00 14296 20999 42 4.15e+007 0.9 1
5/1/2021 00:00:00 13841 20334 40 4.15e+007 0.9 1
6/1/2021 00:00:00 13400 19692 40 4.15e+007 0.9 1
7/1/2021 00:00:00 12973 19068 38 4.15e+007 0.9 1
8/1/2021 00:00:00 12560 18465 37 4.15e+007 0.9 1
9/1/2021 00:00:00 12160 17880 35 4.15e+007 0.9 1
10/1/2021 00:00:00 11772 17313 35 4.15e+007 0.9 1
11/1/2021 00:00:00 11397 16764 34 4.15e+007 0.9 1
12/1/2021 00:00:00 11034 16233 32 4.15e+007 0.9 1
13/1/2021 00:00:00 10682 15718 32 4.15e+007 0.9 1
14/1/2021 00:00:00 10341 15220 30 4.15e+007 0.9 1
15/1/2021 00:00:00 10011 14736 29 4.15e+007 0.9 1
16/1/2021 00:00:00 9692 14268 29 0 0.9 0
17/1/2021 00:00:00 18122 14096 28 0 2.49998 0
18/1/2021 00:00:00 28467 15096 30 0 2.5 0
19/1/2021 00:00:00 31082 16490 33 0 2.5 0
20/1/2021 00:00:00 33931 18012 36 0 2.5 0
21/1/2021 00:00:00 37036 19671 40 0 2.5 0
22/1/2021 00:00:00 40418 21481 43 0 2.5 0
23/1/2021 00:00:00 44102 23454 47 0 2.5 0
24/1/2021 00:00:00 48112 25606 51 0 2.5 0
25/1/2021 00:00:00 52476 27951 56 0 2.5 0
26/1/2021 00:00:00 57221 30505 61 0 2.5 0
27/1/2021 00:00:00 62381 33288 66 0 2.5 0
28/1/2021 00:00:00 67986 36317 73 0 2.5 0
29/1/2021 00:00:00 74074 39614 79 0 2.5 0
30/1/2021 00:00:00 80679 43201 87 0 2.5 0
31/1/2021 00:00:00 87843 47101 94 0 2.5 0
1/2/2021 00:00:00 95606 51339 102 0 2.5 0
2/2/2021 00:00:00 104011 55942 112 0 2.5 0
3/2/2021 00:00:00 113102 60940 122 0 2.5 0
4/2/2021 00:00:00 122928 66361 133 0 2.5 0
5/2/2021 00:00:00 133535 72237 144 0 2.5 0
6/2/2021 00:00:00 144971 78603 158 0 2.5 0
7/2/2021 00:00:00 157288 85492 171 0 2.5 0
8/2/2021 00:00:00 170532 92939 185 0 2.5 0
9/2/2021 00:00:00 184754 100986 202 0 2.5 0
10/2/2021 00:00:00 200000 109666 220 0 2.5 0
11/2/2021 00:00:00 216315 119021 238 4.15e+007 2.5 1
12/2/2021 00:00:00 155688 126591 253 4.15e+007 0.900016 1
13/2/2021 00:00:00 81125 124619 249 4.15e+007 0.9 1
14/2/2021 00:00:00 78219 120315 241 4.15e+007 0.9 1
15/2/2021 00:00:00 75414 116150 232 4.15e+007 0.9 1
16/2/2021 00:00:00 72708 112120 224 4.15e+007 0.9 1
17/2/2021 00:00:00 70096 108222 217 4.15e+007 0.9 1
18/2/2021 00:00:00 67576 104450 209 4.15e+007 0.9 1
19/2/2021 00:00:00 65144 100804 201 4.15e+007 0.9 1
20/2/2021 00:00:00 62797 97277 195 4.15e+007 0.9 1
21/2/2021 00:00:00 60533 93868 188 4.15e+007 0.9 1
22/2/2021 00:00:00 58350 90572 181 4.15e+007 0.9 1
23/2/2021 00:00:00 56242 87386 175 4.15e+007 0.9 1
24/2/2021 00:00:00 54211 84307 168 4.15e+007 0.9 1
25/2/2021 00:00:00 52251 81332 163 4.15e+007 0.9 1
26/2/2021 00:00:00 50360 78457 157 4.15e+007 0.9 1
27/2/2021 00:00:00 48538 75681 151 4.15e+007 0.9 1
28/2/2021 00:00:00 46779 72997 146 4.15e+007 0.9 1
1/3/2021 00:00:00 45083 70407 141 4.15e+007 0.9 1
2/3/2021 00:00:00 43448 67903 136 4.15e+007 0.9 1
3/3/2021 00:00:00 41872 65488 131 4.15e+007 0.9 1
4/3/2021 00:00:00 40352 63153 126 4.15e+007 0.9 1
5/3/2021 00:00:00 38886 60901 122 4.15e+007 0.9 1
6/3/2021 00:00:00 37472 58726 117 4.15e+007 0.9 1
7/3/2021 00:00:00 36111 56626 113 4.15e+007 0.9 1
8/3/2021 00:00:00 34797 54599 110 4.15e+007 0.9 1
9/3/2021 00:00:00 33530 52643 105 4.15e+007 0.9 1
10/3/2021 00:00:00 32310 50755 101 4.15e+007 0.9 1
11/3/2021 00:00:00 31133 48932 98 4.15e+007 0.9 1
12/3/2021 00:00:00 29999 47175 95 4.15e+007 0.9 1
13/3/2021 00:00:00 28906 45478 91 4.15e+007 0.9 1
14/3/2021 00:00:00 27852 43842 87 4.15e+007 0.9 1
15/3/2021 00:00:00 26836 42262 85 4.15e+007 0.9 1
16/3/2021 00:00:00 25857 40738 81 4.15e+007 0.9 1
17/3/2021 00:00:00 24913 39269 79 4.15e+007 0.9 1
18/3/2021 00:00:00 24004 37852 76 4.15e+007 0.9 1
19/3/2021 00:00:00 23127 36483 73 4.15e+007 0.9 1
20/3/2021 00:00:00 22283 35165 70 4.15e+007 0.9 1
21/3/2021 00:00:00 21468 33893 68 4.15e+007 0.9 1
22/3/2021 00:00:00 20684 32666 65 4.15e+007 0.9 1
23/3/2021 00:00:00 19928 31482 63 4.15e+007 0.9 1
24/3/2021 00:00:00 19199 30342 61 4.15e+007 0.9 1
25/3/2021 00:00:00 18497 29242 58 4.15e+007 0.9 1
26/3/2021 00:00:00 17820 28181 56 4.15e+007 0.9 1
27/3/2021 00:00:00 17169 27158 55 4.15e+007 0.9 1
28/3/2021 00:00:00 16540 26171 52 4.15e+007 0.9 1
29/3/2021 00:00:00 15935 25221 51 4.15e+007 0.9 1
30/3/2021 00:00:00 15351 24304 48 4.15e+007 0.9 1
31/3/2021 00:00:00 14790 23420 47 4.15e+007 0.9 1
1/4/2021 00:00:00 14247 22568 45 4.15e+007 0.9 1
2/4/2021 00:00:00 13726 21747 44 4.15e+007 0.9 1
3/4/2021 00:00:00 13223 20955 42 4.15e+007 0.9 1
4/4/2021 00:00:00 12739 20191 40 4.15e+007 0.9 1
5/4/2021 00:00:00 12272 19456 39 4.15e+007 0.9 1
6/4/2021 00:00:00 11822 18747 37 4.15e+007 0.9 1
7/4/2021 00:00:00 11388 18063 36 4.15e+007 0.9 1
8/4/2021 00:00:00 10971 17404 35 4.15e+007 0.9 1
9/4/2021 00:00:00 10569 16769 34 4.15e+007 0.9 1
10/4/2021 00:00:00 10182 16158 32 4.15e+007 0.9 1
11/4/2021 00:00:00 9808 15567 31 4.15e+007 0.9 1
12/4/2021 00:00:00 9448 14999 30 0 0.9 0
13/4/2021 00:00:00 17540 14723 30 0 2.49998 0
14/4/2021 00:00:00 27236 15574 31 0 2.5 0
15/4/2021 00:00:00 29332 16782 33 0 2.5 0
16/4/2021 00:00:00 31585 18080 37 0 2.5 0
17/4/2021 00:00:00 34007 19478 39 0 2.5 0
18/4/2021 00:00:00 36609 20981 42 0 2.5 0
19/4/2021 00:00:00 39405 22597 45 0 2.5 0
20/4/2021 00:00:00 42406 24336 48 0 2.5 0
21/4/2021 00:00:00 45628 26205 53 0 2.5 0
22/4/2021 00:00:00 49084 28213 56 0 2.5 0
23/4/2021 00:00:00 52792 30371 61 0 2.5 0
24/4/2021 00:00:00 56767 32689 65 0 2.5 0
25/4/2021 00:00:00 61026 35177 71 0 2.5 0
26/4/2021 00:00:00 65588 37849 75 0 2.5 0
27/4/2021 00:00:00 70471 40714 82 0 2.5 0
28/4/2021 00:00:00 75694 43787 87 0 2.5 0
29/4/2021 00:00:00 81278 47083 95 0 2.5 0
30/4/2021 00:00:00 87244 50613 101 0 2.5 0
1/5/2021 00:00:00 93613 54393 109 0 2.5 0
2/5/2021 00:00:00 100406 58440 116 0 2.5 0
3/5/2021 00:00:00 107647 62769 126 0 2.5 0
4/5/2021 00:00:00 115356 67396 135 0 2.5 0
5/5/2021 00:00:00 123558 72340 144 0 2.5 0
6/5/2021 00:00:00 132271 77617 156 0 2.5 0
7/5/2021 00:00:00 141521 83245 166 0 2.5 0
8/5/2021 00:00:00 151326 89245 179 0 2.5 0
9/5/2021 00:00:00 161706 95632 191 0 2.5 0
10/5/2021 00:00:00 172680 102427 205 0 2.5 0
11/5/2021 00:00:00 184264 109648 219 0 2.5 0
12/5/2021 00:00:00 196471 117312 235 0 2.5 0
13/5/2021 00:00:00 209313 125438 251 4.15e+007 2.5 1
14/5/2021 00:00:00 148768 131666 263 4.15e+007 0.900016 1
15/5/2021 00:00:00 76918 128724 257 4.15e+007 0.9 1
16/5/2021 00:00:00 73767 123615 248 4.15e+007 0.9 1
17/5/2021 00:00:00 70740 118702 237 4.15e+007 0.9 1
18/5/2021 00:00:00 67838 113974 228 4.15e+007 0.9 1
19/5/2021 00:00:00 65052 109427 219 4.15e+007 0.9 1
20/5/2021 00:00:00 62379 105053 210 4.15e+007 0.9 1
21/5/2021 00:00:00 59816 100849 202 4.15e+007 0.9 1
22/5/2021 00:00:00 57356 96804 193 4.15e+007 0.9 1
23/5/2021 00:00:00 54997 92918 186 4.15e+007 0.9 1
24/5/2021 00:00:00 52733 89182 178 4.15e+007 0.9 1
25/5/2021 00:00:00 50561 85590 172 4.15e+007 0.9 1
26/5/2021 00:00:00 48480 82140 164 4.15e+007 0.9 1
27/5/2021 00:00:00 46481 78824 158 4.15e+007 0.9 1
28/5/2021 00:00:00 44566 75639 151 4.15e+007 0.9 1
29/5/2021 00:00:00 42728 72578 145 4.15e+007 0.9 1
30/5/2021 00:00:00 40965 69637 139 4.15e+007 0.9 1
31/5/2021 00:00:00 39276 66814 134 4.15e+007 0.9 1
1/6/2021 00:00:00 37654 64102 128 4.15e+007 0.9 1
2/6/2021 00:00:00 36100 61498 123 4.15e+007 0.9 1
3/6/2021 00:00:00 34609 58997 118 4.15e+007 0.9 1
4/6/2021 00:00:00 33180 56595 113 4.15e+007 0.9 1
5/6/2021 00:00:00 31809 54290 109 4.15e+007 0.9 1
6/6/2021 00:00:00 30494 52076 104 4.15e+007 0.9 1
7/6/2021 00:00:00 29234 49951 100 4.15e+007 0.9 1
8/6/2021 00:00:00 28026 47912 96 4.15e+007 0.9 1
9/6/2021 00:00:00 26867 45954 92 4.15e+007 0.9 1
10/6/2021 00:00:00 25755 44075 88 4.15e+007 0.9 1
11/6/2021 00:00:00 24690 42271 84 4.15e+007 0.9 1
12/6/2021 00:00:00 23668 40541 81 4.15e+007 0.9 1
13/6/2021 00:00:00 22690 38880 78 4.15e+007 0.9 1
14/6/2021 00:00:00 21750 37286 75 4.15e+007 0.9 1
15/6/2021 00:00:00 20849 35757 71 4.15e+007 0.9 1
16/6/2021 00:00:00 19987 34290 69 4.15e+007 0.9 1
17/6/2021 00:00:00 19159 32881 66 4.15e+007 0.9 1
18/6/2021 00:00:00 18366 31532 63 4.15e+007 0.9 1
19/6/2021 00:00:00 17605 30235 60 4.15e+007 0.9 1
20/6/2021 00:00:00 16876 28992 58 4.15e+007 0.9 1
21/6/2021 00:00:00 16176 27800 56 4.15e+007 0.9 1
22/6/2021 00:00:00 15507 26656 53 4.15e+007 0.9 1
23/6/2021 00:00:00 14864 25559 51 4.15e+007 0.9 1
24/6/2021 00:00:00 14248 24506 49 4.15e+007 0.9 1
25/6/2021 00:00:00 13657 23497 47 4.15e+007 0.9 1
26/6/2021 00:00:00 13092 22528 45 4.15e+007 0.9 1
27/6/2021 00:00:00 12548 21600 43 4.15e+007 0.9 1
28/6/2021 00:00:00 12029 20709 42 4.15e+007 0.9 1
29/6/2021 00:00:00 11530 19855 39 4.15e+007 0.9 1
30/6/2021 00:00:00 11052 19035 39 4.15e+007 0.9 1
1/7/2021 00:00:00 10593 18250 36 4.15e+007 0.9 1
2/7/2021 00:00:00 10155 17497 35 4.15e+007 0.9 1
3/7/2021 00:00:00 9733 16774 34 4.15e+007 0.9 1
4/7/2021 00:00:00 9329 16082 32 4.15e+007 0.9 1
5/7/2021 00:00:00 8943 15417 31 4.15e+007 0.9 1
6/7/2021 00:00:00 8572 14780 29 4.15e+007 0.9 1
7/7/2021 00:00:00 8216 14169 29 4.15e+007 0.9 1
8/7/2021 00:00:00 7875 13583 27 4.15e+007 0.9 1
9/7/2021 00:00:00 7548 13022 26 4.15e+007 0.9 1
10/7/2021 00:00:00 7236 12483 25 4.15e+007 0.9 1
11/7/2021 00:00:00 6935 11967 24 4.15e+007 0.9 1
12/7/2021 00:00:00 6647 11471 23 0 0.9 0
13/7/2021 00:00:00 12251 11187 22 0 2.49998 0
14/7/2021 00:00:00 18802 11687 23 0 2.5 0
15/7/2021 00:00:00 19970 12417 25 0 2.5 0
16/7/2021 00:00:00 21210 13193 27 0 2.5 0
17/7/2021 00:00:00 22523 14016 28 0 2.5 0
18/7/2021 00:00:00 23918 14889 29 0 2.5 0
19/7/2021 00:00:00 25394 15817 32 0 2.5 0
20/7/2021 00:00:00 26960 16800 34 0 2.5 0
21/7/2021 00:00:00 28619 17843 35 0 2.5 0
22/7/2021 00:00:00 30376 18949 38 0 2.5 0
23/7/2021 00:00:00 32237 20122 40 0 2.5 0
24/7/2021 00:00:00 34208 21366 43 0 2.5 0
25/7/2021 00:00:00 36294 22683 45 0 2.5 0
26/7/2021 00:00:00 38502 24080 49 0 2.5 0
27/7/2021 00:00:00 40836 25559 51 0 2.5 0
28/7/2021 00:00:00 43306 27127 54 0 2.5 0
29/7/2021 00:00:00 45917 28786 58 0 2.5 0
30/7/2021 00:00:00 48676 30543 61 0 2.5 0
31/7/2021 00:00:00 51589 32402 64 0 2.5 0
1/8/2021 00:00:00 54666 34369 69 0 2.5 0
2/8/2021 00:00:00 57914 36450 73 0 2.5 0
3/8/2021 00:00:00 61339 38649 77 0 2.5 0
4/8/2021 00:00:00 64951 40974 82 0 2.5 0
5/8/2021 00:00:00 68757 43431 87 0 2.5 0
6/8/2021 00:00:00 72765 46024 92 0 2.5 0
7/8/2021 00:00:00 76985 48762 98 0 2.5 0
8/8/2021 00:00:00 81422 51651 103 0 2.5 0
9/8/2021 00:00:00 86087 54699 110 0 2.5 0
10/8/2021 00:00:00 90987 57909 115 0 2.5 0
11/8/2021 00:00:00 96130 61293 123 0 2.5 0
12/8/2021 00:00:00 101524 64855 130 0 2.5 0
13/8/2021 00:00:00 107175 68602 137 0 2.5 0
14/8/2021 00:00:00 113092 72545 145 0 2.5 0
15/8/2021 00:00:00 119280 76685 153 0 2.5 0
16/8/2021 00:00:00 125745 81035 162 0 2.5 0
17/8/2021 00:00:00 132493 85597 172 0 2.5 0
18/8/2021 00:00:00 139528 90382 180 0 2.5 0
19/8/2021 00:00:00 146852 95392 191 0 2.5 0
20/8/2021 00:00:00 154469 100637 201 0 2.5 0
21/8/2021 00:00:00 162379 106121 213 0 2.5 0
22/8/2021 00:00:00 170582 111848 223 0 2.5 0
23/8/2021 00:00:00 179075 117823 236 0 2.5 0
24/8/2021 00:00:00 187857 124053 248 0 2.5 0
25/8/2021 00:00:00 196918 130535 261 0 2.5 0
26/8/2021 00:00:00 206253 137277 275 4.15e+007 2.5 1
27/8/2021 00:00:00 144530 141980 284 4.15e+007 0.900016 1
28/8/2021 00:00:00 74076 137739 275 4.15e+007 0.9 1
29/8/2021 00:00:00 70611 131486 263 4.15e+007 0.9 1
30/8/2021 00:00:00 67305 125508 251 4.15e+007 0.9 1
31/8/2021 00:00:00 64156 119792 240 4.15e+007 0.9 1
1/9/2021 00:00:00 61152 114329 228 4.15e+007 0.9 1
2/9/2021 00:00:00 58289 109108 219 4.15e+007 0.9 1
3/9/2021 00:00:00 55558 104118 208 4.15e+007 0.9 1
4/9/2021 00:00:00 52957 99352 199 4.15e+007 0.9 1
5/9/2021 00:00:00 50476 94796 189 4.15e+007 0.9 1
6/9/2021 00:00:00 48111 90447 181 4.15e+007 0.9 1
7/9/2021 00:00:00 45856 86290 173 4.15e+007 0.9 1
8/9/2021 00:00:00 43708 82322 164 4.15e+007 0.9 1
9/9/2021 00:00:00 41659 78533 157 4.15e+007 0.9 1
10/9/2021 00:00:00 39706 74913 150 4.15e+007 0.9 1
11/9/2021 00:00:00 37845 71459 143 4.15e+007 0.9 1
12/9/2021 00:00:00 36071 68160 136 4.15e+007 0.9 1
13/9/2021 00:00:00 34380 65012 130 4.15e+007 0.9 1
14/9/2021 00:00:00 32768 62005 124 4.15e+007 0.9 1
15/9/2021 00:00:00 31231 59137 119 4.15e+007 0.9 1
16/9/2021 00:00:00 29766 56399 112 4.15e+007 0.9 1
17/9/2021 00:00:00 28371 53786 108 4.15e+007 0.9 1
18/9/2021 00:00:00 27040 51293 103 4.15e+007 0.9 1
19/9/2021 00:00:00 25771 48913 97 4.15e+007 0.9 1
20/9/2021 00:00:00 24563 46643 94 4.15e+007 0.9 1
21/9/2021 00:00:00 23411 44477 89 4.15e+007 0.9 1
22/9/2021 00:00:00 22312 42411 85 4.15e+007 0.9 1
23/9/2021 00:00:00 21265 40439 80 4.15e+007 0.9 1
24/9/2021 00:00:00 20268 38558 77 4.15e+007 0.9 1
25/9/2021 00:00:00 19317 36764 74 4.15e+007 0.9 1
26/9/2021 00:00:00 18410 35053 70 4.15e+007 0.9 1
27/9/2021 00:00:00 17547 33421 67 4.15e+007 0.9 1
28/9/2021 00:00:00 16723 31863 64 4.15e+007 0.9 1
29/9/2021 00:00:00 15939 30379 60 4.15e+007 0.9 1
30/9/2021 00:00:00 15190 28962 58 4.15e+007 0.9 1
1/10/2021 00:00:00 14478 27612 56 4.15e+007 0.9 1
2/10/2021 00:00:00 13799 26323 52 4.15e+007 0.9 1
3/10/2021 00:00:00 13150 25096 50 4.15e+007 0.9 1
4/10/2021 00:00:00 12534 23923 48 4.15e+007 0.9 1
5/10/2021 00:00:00 11945 22807 46 4.15e+007 0.9 1
6/10/2021 00:00:00 11385 21742 43 4.15e+007 0.9 1
7/10/2021 00:00:00 10850 20726 42 4.15e+007 0.9 1
8/10/2021 00:00:00 10341 19757 39 4.15e+007 0.9 1
9/10/2021 00:00:00 9856 18834 38 4.15e+007 0.9 1
10/10/2021 00:00:00 9393 17954 36 4.15e+007 0.9 1
11/10/2021 00:00:00 8952 17114 34 4.15e+007 0.9 1
12/10/2021 00:00:00 8532 16314 33 4.15e+007 0.9 1
13/10/2021 00:00:00 8132 15550 31 4.15e+007 0.9 1
14/10/2021 00:00:00 7749 14823 30 4.15e+007 0.9 1
15/10/2021 00:00:00 7386 14130 28 4.15e+007 0.9 1
16/10/2021 00:00:00 7040 13468 27 4.15e+007 0.9 1
17/10/2021 00:00:00 6709 12838 25 4.15e+007 0.9 1
18/10/2021 00:00:00 6393 12237 25 4.15e+007 0.9 1
19/10/2021 00:00:00 6094 11664 23 4.15e+007 0.9 1
20/10/2021 00:00:00 5808 11118 22 4.15e+007 0.9 1
21/10/2021 00:00:00 5535 10597 22 4.15e+007 0.9 1
22/10/2021 00:00:00 5275 10101 20 4.15e+007 0.9 1
23/10/2021 00:00:00 5028 9627 19 4.15e+007 0.9 1
24/10/2021 00:00:00 4791 9177 18 4.15e+007 0.9 1
25/10/2021 00:00:00 4567 8746 18 0 0.9 0
26/10/2021 00:00:00 8347 8466 17 0 2.49998 0
27/10/2021 00:00:00 12639 8719 17 0 2.5 0
28/10/2021 00:00:00 13215 9117 19 0 2.5 0
29/10/2021 00:00:00 13815 9535 19 0 2.5 0
30/10/2021 00:00:00 14443 9970 20 0 2.5 0
31/10/2021 00:00:00 15096 10425 20 0 2.5 0
1/11/2021 00:00:00 15780 10901 22 0 2.5 0
2/11/2021 00:00:00 16494 11397 23 0 2.5 0
3/11/2021 00:00:00 17237 11916 24 0 2.5 0
4/11/2021 00:00:00 18014 12457 25 0 2.5 0
5/11/2021 00:00:00 18825 13022 26 0 2.5 0
6/11/2021 00:00:00 19669 13612 27 0 2.5 0
7/11/2021 00:00:00 20552 14229 28 0 2.5 0
8/11/2021 00:00:00 21470 14872 30 0 2.5 0
9/11/2021 00:00:00 22430 15543 31 0 2.5 0
10/11/2021 00:00:00 23429 16243 33 0 2.5 0
11/11/2021 00:00:00 24470 16974 34 0 2.5 0
12/11/2021 00:00:00 25556 17736 35 0 2.5 0
13/11/2021 00:00:00 26687 18531 37 0 2.5 0
14/11/2021 00:00:00 27866 19360 39 0 2.5 0
15/11/2021 00:00:00 29092 20225 40 0 2.5 0
16/11/2021 00:00:00 30370 21126 43 0 2.5 0
17/11/2021 00:00:00 31699 22066 44 0 2.5 0
18/11/2021 00:00:00 33084 23044 46 0 2.5 0
19/11/2021 00:00:00 34523 24065 48 0 2.5 0
20/11/2021 00:00:00 36021 25127 50 0 2.5 0
21/11/2021 00:00:00 37579 26234 53 0 2.5 0
22/11/2021 00:00:00 39197 27386 55 0 2.5 0
23/11/2021 00:00:00 40880 28586 57 0 2.5 0
24/11/2021 00:00:00 42628 29834 59 0 2.5 0
25/11/2021 00:00:00 44442 31133 63 0 2.5 0
26/11/2021 00:00:00 46327 32484 65 0 2.5 0
27/11/2021 00:00:00 48283 33889 67 0 2.5 0
28/11/2021 00:00:00 50311 35350 71 0 2.5 0
29/11/2021 00:00:00 52414 36868 74 0 2.5 0
30/11/2021 00:00:00 54595 38445 77 0 2.5 0
1/12/2021 00:00:00 56854 40083 80 0 2.5 0
2/12/2021 00:00:00 59192 41783 83 0 2.5 0
3/12/2021 00:00:00 61614 43549 88 0 2.5 0
4/12/2021 00:00:00 64119 45379 90 0 2.5 0
5/12/2021 00:00:00 66709 47279 95 0 2.5 0
6/12/2021 00:00:00 69386 49248 98 0 2.5 0
7/12/2021 00:00:00 72150 51287 103 0 2.5 0
8/12/2021 00:00:00 75004 53400 107 0 2.5 0
9/12/2021 00:00:00 77948 55587 111 0 2.5 0
10/12/2021 00:00:00 80983 57850 116 0 2.5 0
11/12/2021 00:00:00 84110 60191 120 0 2.5 0
12/12/2021 00:00:00 87329 62611 125 0 2.5 0
13/12/2021 00:00:00 90642 65110 130 0 2.5 0
14/12/2021 00:00:00 94046 67691 136 0 2.5 0
15/12/2021 00:00:00 97543 70354 141 0 2.5 0
16/12/2021 00:00:00 101133 73101 146 0 2.5 0
17/12/2021 00:00:00 104813 75932 152 0 2.5 0
18/12/2021 00:00:00 108584 78847 157 0 2.5 0
19/12/2021 00:00:00 112444 81847 164 0 2.5 0
20/12/2021 00:00:00 116391 84934 170 0 2.5 0
21/12/2021 00:00:00 120422 88105 176 0 2.5 0
22/12/2021 00:00:00 124537 91361 183 0 2.5 0
23/12/2021 00:00:00 128730 94703 189 0 2.5 0
24/12/2021 00:00:00 133001 98129 196 0 2.5 0
25/12/2021 00:00:00 137342 101638 204 0 2.5 0
26/12/2021 00:00:00 141752 105229 210 0 2.5 0
27/12/2021 00:00:00 146225 108899 218 0 2.5 0
28/12/2021 00:00:00 150757 112650 225 0 2.5 0
29/12/2021 00:00:00 155339 116475 233 0 2.5 0
30/12/2021 00:00:00 159968 120374 241 0 2.5 0
31/12/2021 00:00:00 164636 124345 249 0 2.5 0
1/1/2022 00:00:00 169336 128382 256 0 2.5 0
2/1/2022 00:00:00 174059 132482 265 0 2.5 0
3/1/2022 00:00:00 178800 136643 274 0 2.5 0
4/1/2022 00:00:00 183545 140858 281 0 2.5 0
5/1/2022 00:00:00 188290 145122 291 0 2.5 0
6/1/2022 00:00:00 193023 149431 298 0 2.5 0
7/1/2022 00:00:00 197733 153778 308 0 2.5 0
8/1/2022 00:00:00 202411 158159 316 4.15e+007 2.5 1
9/1/2022 00:00:00 139150 160368 321 4.15e+007 0.900016 1
10/1/2022 00:00:00 70481 153977 308 4.15e+007 0.9 1
11/1/2022 00:00:00 66637 145814 292 4.15e+007 0.9 1
12/1/2022 00:00:00 63004 138075 276 4.15e+007 0.9 1
13/1/2022 00:00:00 59568 130738 261 4.15e+007 0.9 1
14/1/2022 00:00:00 56321 123783 248 4.15e+007 0.9 1
15/1/2022 00:00:00 53253 117190 234 4.15e+007 0.9 1
16/1/2022 00:00:00 50351 110943 222 4.15e+007 0.9 1
17/1/2022 00:00:00 47608 105022 210 4.15e+007 0.9 1
18/1/2022 00:00:00 45015 99413 199 4.15e+007 0.9 1
19/1/2022 00:00:00 42564 94097 188 4.15e+007 0.9 1
20/1/2022 00:00:00 40247 89064 178 4.15e+007 0.9 1
21/1/2022 00:00:00 38056 84294 169 4.15e+007 0.9 1
22/1/2022 00:00:00 35985 79778 159 4.15e+007 0.9 1
23/1/2022 00:00:00 34026 75499 151 4.15e+007 0.9 1
24/1/2022 00:00:00 32176 71449 143 4.15e+007 0.9 1
25/1/2022 00:00:00 30424 67613 136 4.15e+007 0.9 1
26/1/2022 00:00:00 28770 63980 128 4.15e+007 0.9 1
27/1/2022 00:00:00 27205 60542 121 4.15e+007 0.9 1
28/1/2022 00:00:00 25726 57286 114 4.15e+007 0.9 1
29/1/2022 00:00:00 24327 54204 109 4.15e+007 0.9 1
30/1/2022 00:00:00 23004 51285 102 4.15e+007 0.9 1
31/1/2022 00:00:00 21753 48524 97 4.15e+007 0.9 1
1/2/2022 00:00:00 20571 45910 92 4.15e+007 0.9 1
2/2/2022 00:00:00 19453 43436 87 4.15e+007 0.9 1
3/2/2022 00:00:00 18396 41093 82 4.15e+007 0.9 1
4/2/2022 00:00:00 17396 38877 78 4.15e+007 0.9 1
5/2/2022 00:00:00 16450 36780 73 4.15e+007 0.9 1
6/2/2022 00:00:00 15557 34795 70 4.15e+007 0.9 1
7/2/2022 00:00:00 14712 32916 66 4.15e+007 0.9 1
8/2/2022 00:00:00 13912 31139 62 4.15e+007 0.9 1
9/2/2022 00:00:00 13156 29456 59 4.15e+007 0.9 1
10/2/2022 00:00:00 12442 27866 56 4.15e+007 0.9 1
11/2/2022 00:00:00 11766 26359 52 4.15e+007 0.9 1
12/2/2022 00:00:00 11127 24935 50 4.15e+007 0.9 1
13/2/2022 00:00:00 10522 23586 48 4.15e+007 0.9 1
14/2/2022 00:00:00 9951 22311 44 4.15e+007 0.9 1
15/2/2022 00:00:00 9411 21104 42 4.15e+007 0.9 1
16/2/2022 00:00:00 8899 19963 40 4.15e+007 0.9 1
17/2/2022 00:00:00 8417 18883 38 4.15e+007 0.9 1
18/2/2022 00:00:00 7959 17861 36 4.15e+007 0.9 1
19/2/2022 00:00:00 7527 16894 34 4.15e+007 0.9 1
20/2/2022 00:00:00 7118 15979 32 4.15e+007 0.9 1
21/2/2022 00:00:00 6732 15115 30 4.15e+007 0.9 1
22/2/2022 00:00:00 6366 14296 28 4.15e+007 0.9 1
23/2/2022 00:00:00 6021 13522 27 4.15e+007 0.9 1
24/2/2022 00:00:00 5694 12790 26 4.15e+007 0.9 1
25/2/2022 00:00:00 5385 12097 24 4.15e+007 0.9 1
26/2/2022 00:00:00 5092 11442 23 4.15e+007 0.9 1
27/2/2022 00:00:00 4816 10822 22 4.15e+007 0.9 1
28/2/2022 00:00:00 4555 10236 20 4.15e+007 0.9 1
1/3/2022 00:00:00 4307 9681 20 4.15e+007 0.9 1
2/3/2022 00:00:00 4073 9156 18 4.15e+007 0.9 1
3/3/2022 00:00:00 3853 8661 17 4.15e+007 0.9 1
4/3/2022 00:00:00 3643 8190 17 4.15e+007 0.9 1
5/3/2022 00:00:00 3445 7747 15 4.15e+007 0.9 1
6/3/2022 00:00:00 3259 7328 15 4.15e+007 0.9 1
7/3/2022 00:00:00 3081 6930 14 4.15e+007 0.9 1
8/3/2022 00:00:00 2915 6554 13 4.15e+007 0.9 1
9/3/2022 00:00:00 2756 6199 12 0 0.9 0
10/3/2022 00:00:00 4982 5940 12 0 2.49998 0
11/3/2022 00:00:00 7408 6000 12 0 2.5 0
12/3/2022 00:00:00 7582 6142 12 0 2.5 0
13/3/2022 00:00:00 7759 6286 13 0 2.5 0
14/3/2022 00:00:00 7939 6433 13 0 2.5 0
15/3/2022 00:00:00 8124 6585 13 0 2.5 0
16/3/2022 00:00:00 8313 6739 13 0 2.5 0
17/3/2022 00:00:00 8506 6896 14 0 2.5 0
18/3/2022 00:00:00 8703 7058 14 0 2.5 0
19/3/2022 00:00:00 8904 7223 15 0 2.5 0
20/3/2022 00:00:00 9110 7392 14 0 2.5 0
21/3/2022 00:00:00 9320 7563 16 0 2.5 0
22/3/2022 00:00:00 9535 7740 15 0 2.5 0
23/3/2022 00:00:00 9754 7919 16 0 2.5 0
24/3/2022 00:00:00 9978 8104 16 0 2.5 0
25/3/2022 00:00:00 10207 8291 17 0 2.5 0
26/3/2022 00:00:00 10441 8483 17 0 2.5 0
27/3/2022 00:00:00 10679 8680 17 0 2.5 0
28/3/2022 00:00:00 10923 8880 18 0 2.5 0
29/3/2022 00:00:00 11172 9084 18 0 2.5 0
30/3/2022 00:00:00 11426 9294 19 0 2.5 0
31/3/2022 00:00:00 11685 9507 19 0 2.5 0
1/4/2022 00:00:00 11950 9726 19 0 2.5 0
2/4/2022 00:00:00 12220 9948 20 0 2.5 0
3/4/2022 00:00:00 12496 10176 20 0 2.5 0
4/4/2022 00:00:00 12777 10408 21 0 2.5 0
5/4/2022 00:00:00 13064 10645 21 0 2.5 0
6/4/2022 00:00:00 13358 10888 22 0 2.5 0
7/4/2022 00:00:00 13656 11135 22 0 2.5 0
8/4/2022 00:00:00 13961 11388 23 0 2.5 0
9/4/2022 00:00:00 14272 11645 23 0 2.5 0
10/4/2022 00:00:00 14589 11908 24 0 2.5 0
11/4/2022 00:00:00 14913 12177 25 0 2.5 0
12/4/2022 00:00:00 15243 12451 25 0 2.5 0
13/4/2022 00:00:00 15578 12730 25 0 2.5 0
14/4/2022 00:00:00 15922 13015 26 0 2.5 0
15/4/2022 00:00:00 16271 13306 27 0 2.5 0
16/4/2022 00:00:00 16627 13603 27 0 2.5 0
17/4/2022 00:00:00 16990 13906 28 0 2.5 0
18/4/2022 00:00:00 17360 14214 28 0 2.5 0
19/4/2022 00:00:00 17737 14529 29 0 2.5 0
20/4/2022 00:00:00 18120 14851 30 0 2.5 0
21/4/2022 00:00:00 18511 15177 30 0 2.5 0
22/4/2022 00:00:00 18910 15511 31 0 2.5 0
23/4/2022 00:00:00 19314 15850 32 0 2.5 0
24/4/2022 00:00:00 19728 16198 32 0 2.5 0
25/4/2022 00:00:00 20147 16550 33 0 2.5 0
26/4/2022 00:00:00 20575 16910 34 0 2.5 0
27/4/2022 00:00:00 21011 17277 35 0 2.5 0
28/4/2022 00:00:00 21452 17649 35 0 2.5 0
29/4/2022 00:00:00 21904 18031 36 0 2.5 0
30/4/2022 00:00:00 22361 18417 37 0 2.5 0
1/5/2022 00:00:00 22827 18812 38 0 2.5 0
2/5/2022 00:00:00 23301 19213 38 0 2.5 0
3/5/2022 00:00:00 23783 19621 39 0 2.5 0
4/5/2022 00:00:00 24272 20037 40 0 2.5 0
5/5/2022 00:00:00 24769 20461 41 0 2.5 0
6/5/2022 00:00:00 25275 20891 42 0 2.5 0
7/5/2022 00:00:00 25788 21329 43 0 2.5 0
8/5/2022 00:00:00 26310 21774 43 0 2.5 0
9/5/2022 00:00:00 26839 22227 45 0 2.5 0
10/5/2022 00:00:00 27377 22688 45 0 2.5 0
11/5/2022 00:00:00 27923 23156 46 0 2.5 0
12/5/2022 00:00:00 28476 23632 48 0 2.5 0
13/5/2022 00:00:00 29038 24115 48 0 2.5 0
14/5/2022 00:00:00 29608 24607 49 0 2.5 0
15/5/2022 00:00:00 30186 25106 50 0 2.5 0
16/5/2022 00:00:00 30772 25613 52 0 2.5 0
17/5/2022 00:00:00 31365 26127 52 0 2.5 0
18/5/2022 00:00:00 31968 26650 53 0 2.5 0
19/5/2022 00:00:00 32577 27180 54 0 2.5 0
20/5/2022 00:00:00 33195 27719 56 0 2.5 0
21/5/2022 00:00:00 33821 28264 56 0 2.5 0
22/5/2022 00:00:00 34453 28818 58 0 2.5 0
23/5/2022 00:00:00 35094 29380 59 0 2.5 0
24/5/2022 00:00:00 35742 29950 60 0 2.5 0
25/5/2022 00:00:00 36398 30526 61 0 2.5 0
26/5/2022 00:00:00 37061 31112 62 0 2.5 0
27/5/2022 00:00:00 37731 31703 63 0 2.5 0
28/5/2022 00:00:00 38408 32304 65 0 2.5 0
29/5/2022 00:00:00 39092 32912 66 0 2.5 0
30/5/2022 00:00:00 39783 33527 67 0 2.5 0
31/5/2022 00:00:00 40481 34150 68 0 2.5 0
1/6/2022 00:00:00 41184 34779 70 0 2.5 0
2/6/2022 00:00:00 41895 35417 71 0 2.5 0
3/6/2022 00:00:00 42611 36061 72 0 2.5 0
4/6/2022 00:00:00 43333 36712 73 0 2.5 0
5/6/2022 00:00:00 44060 37370 75 0 2.5 0
6/6/2022 00:00:00 44794 38035 76 0 2.5 0
7/6/2022 00:00:00 45532 38707 77 0 2.5 0
8/6/2022 00:00:00 46275 39385 79 0 2.5 0
9/6/2022 00:00:00 47022 40069 80 0 2.5 0
10/6/2022 00:00:00 47775 40759 82 0 2.5 0
11/6/2022 00:00:00 48531 41455 83 0 2.5 0
12/6/2022 00:00:00 49290 42158 84 0 2.5 0
13/6/2022 00:00:00 50053 42865 86 0 2.5 0
14/6/2022 00:00:00 50820 43578 87 0 2.5 0
15/6/2022 00:00:00 51589 44296 88 0 2.5 0
16/6/2022 00:00:00 52360 45019 91 0 2.5 0
17/6/2022 00:00:00 53133 45746 91 0 2.5 0
18/6/2022 00:00:00 53908 46478 93 0 2.5 0
19/6/2022 00:00:00 54684 47214 94 0 2.5 0
20/6/2022 00:00:00 55461 47952 96 0 2.5 0
21/6/2022 00:00:00 56238 48696 98 0 2.5 0
22/6/2022 00:00:00 57016 49442 99 0 2.5 0
23/6/2022 00:00:00 57792 50191 100 0 2.5 0
24/6/2022 00:00:00 58568 50942 102 0 2.5 0
25/6/2022 00:00:00 59343 51695 103 0 2.5 0
26/6/2022 00:00:00 60115 52451 105 0 2.5 0
27/6/2022 00:00:00 60885 53207 107 0 2.5 0
28/6/2022 00:00:00 61653 53964 107 0 2.5 0
29/6/2022 00:00:00 62417 54723 110 0 2.5 0
30/6/2022 00:00:00 63176 55482 111 0 2.5 0
1/7/2022 00:00:00 63933 56240 112 0 2.5 0
2/7/2022 00:00:00 64683 56997 114 0 2.5 0
3/7/2022 00:00:00 65429 57754 116 0 2.5 0
4/7/2022 00:00:00 66169 58509 117 0 2.5 0
5/7/2022 00:00:00 66901 59262 118 0 2.5 0
6/7/2022 00:00:00 67627 60013 120 0 2.5 0
7/7/2022 00:00:00 68346 60761 122 0 2.5 0
8/7/2022 00:00:00 69056 61506 123 0 2.5 0
9/7/2022 00:00:00 69758 62246 124 0 2.5 0
10/7/2022 00:00:00 70450 62983 126 0 2.5 0
11/7/2022 00:00:00 71132 63714 128 0 2.5 0
12/7/2022 00:00:00 71805 64441 129 0 2.5 0
13/7/2022 00:00:00 72465 65161 130 0 2.5 0
14/7/2022 00:00:00 73116 65875 132 0 2.5 0
15/7/2022 00:00:00 73753 66583 133 0 2.5 0
16/7/2022 00:00:00 74379 67283 135 0 2.5 0
17/7/2022 00:00:00 74991 67974 135 0 2.5 0
18/7/2022 00:00:00 75589 68659 138 0 2.5 0
19/7/2022 00:00:00 76174 69333 138 0 2.5 0
20/7/2022 00:00:00 76744 69999 140 0 2.5 0
21/7/2022 00:00:00 77299 70654 142 0 2.5 0
22/7/2022 00:00:00 77837 71299 142 0 2.5 0
23/7/2022 00:00:00 78360 71933 144 0 2.5 0
24/7/2022 00:00:00 78867 72556 145 0 2.5 0
25/7/2022 00:00:00 79356 73166 147 0 2.5 0
26/7/2022 00:00:00 79828 73764 147 0 2.5 0
27/7/2022 00:00:00 80282 74349 149 0 2.5 0
28/7/2022 00:00:00 80717 74921 150 0 2.5 0
29/7/2022 00:00:00 81134 75478 151 0 2.5 0
30/7/2022 00:00:00 81531 76022 152 0 2.5 0
31/7/2022 00:00:00 81910 76550 153 0 2.5 0
1/8/2022 00:00:00 82268 77062 154 0 2.5 0
2/8/2022 00:00:00 82606 77560 155 0 2.5 0
3/8/2022 00:00:00 82924 78041 156 0 2.5 0
4/8/2022 00:00:00 83220 78505 157 0 2.5 0
5/8/2022 00:00:00 83497 78952 158 0 2.5 0
6/8/2022 00:00:00 83751 79383 159 0 2.5 0
7/8/2022 00:00:00 83985 79794 159 0 2.5 0
8/8/2022 00:00:00 84196 80188 161 0 2.5 0
9/8/2022 00:00:00 84385 80564 161 0 2.5 0
10/8/2022 00:00:00 84553 80920 162 0 2.5 0
11/8/2022 00:00:00 84699 81258 162 0 2.5 0
12/8/2022 00:00:00 84822 81576 163 0 2.5 0
13/8/2022 00:00:00 84923 81874 164 0 2.5 0
14/8/2022 00:00:00 85002 82153 165 0 2.5 0
15/8/2022 00:00:00 85058 82411 164 0 2.5 0
16/8/2022 00:00:00 85092 82649 166 0 2.5 0
17/8/2022 00:00:00 85103 82866 165 0 2.5 0
18/8/2022 00:00:00 85092 83064 166 0 2.5 0
19/8/2022 00:00:00 85059 83239 167 0 2.5 0
20/8/2022 00:00:00 85004 83394 167 0 2.5 0
21/8/2022 00:00:00 84927 83527 167 0 2.5 0
22/8/2022 00:00:00 84827 83640 167 0 2.5 0
23/8/2022 00:00:00 84705 83732 168 0 2.5 0
24/8/2022 00:00:00 84564 83802 167 0 2.5 0
25/8/2022 00:00:00 84398 83850 168 0 2.5 0
26/8/2022 00:00:00 84214 83878 168 0 2.5 0
27/8/2022 00:00:00 84007 83884 167 0 2.5 0
28/8/2022 00:00:00 83780 83868 168 0 2.5 0
29/8/2022 00:00:00 83533 83833 168 0 2.5 0
30/8/2022 00:00:00 83265 83775 167 0 2.5 0
31/8/2022 00:00:00 82978 83698 168 0 2.5 0
1/9/2022 00:00:00 82671 83598 167 0 2.5 0
2/9/2022 00:00:00 82346 83478 167 0 2.5 0
3/9/2022 00:00:00 82000 83338 167 0 2.5 0
4/9/2022 00:00:00 81638 83178 166 0 2.5 0
5/9/2022 00:00:00 81257 82997 166 0 2.5 0
6/9/2022 00:00:00 80858 82796 165 0 2.5 0
7/9/2022 00:00:00 80443 82577 166 0 2.5 0
8/9/2022 00:00:00 80011 82337 164 0 2.5 0
9/9/2022 00:00:00 79562 82078 164 0 2.5 0
10/9/2022 00:00:00 79098 81801 164 0 2.5 0
11/9/2022 00:00:00 78618 81505 163 0 2.5 0
12/9/2022 00:00:00 78123 81191 162 0 2.5 0
13/9/2022 00:00:00 77615 80859 162 0 2.5 0
14/9/2022 00:00:00 77091 80510 161 0 2.5 0
15/9/2022 00:00:00 76556 80143 160 0 2.5 0
16/9/2022 00:00:00 76006 79761 160 0 2.5 0
17/9/2022 00:00:00 75444 79361 159 0 2.5 0
18/9/2022 00:00:00 74871 78945 158 0 2.5 0
19/9/2022 00:00:00 74286 78514 157 0 2.5 0
20/9/2022 00:00:00 73690 78069 156 0 2.5 0
21/9/2022 00:00:00 73083 77608 155 0 2.5 0
22/9/2022 00:00:00 72467 77132 154 0 2.5 0
23/9/2022 00:00:00 71841 76644 154 0 2.5 0
24/9/2022 00:00:00 71206 76142 152 0 2.5 0
25/9/2022 00:00:00 70563 75626 151 0 2.5 0
26/9/2022 00:00:00 69912 75099 150 0 2.5 0
27/9/2022 00:00:00 69253 74559 149 0 2.5 0
28/9/2022 00:00:00 68588 74008 148 0 2.5 0
29/9/2022 00:00:00 67915 73446 147 0 2.5 0
30/9/2022 00:00:00 67238 72873 146 0 2.5 0
1/10/2022 00:00:00 66554 72289 145 0 2.5 0
2/10/2022 00:00:00 65864 71697 143 0 2.5 0
3/10/2022 00:00:00 65172 71095 142 0 2.5 0
4/10/2022 00:00:00 64474 70484 141 0 2.5 0
5/10/2022 00:00:00 63773 69864 140 0 2.5 0
6/10/2022 00:00:00 63068 69238 138 0 2.5 0
7/10/2022 00:00:00 62360 68603 138 0 2.5 0
8/10/2022 00:00:00 61651 67962 136 0 2.5 0
9/10/2022 00:00:00 60938 67314 134 0 2.5 0
10/10/2022 00:00:00 60225 66660 133 0 2.5 0
11/10/2022 00:00:00 59510 66001 132 0 2.5 0
12/10/2022 00:00:00 58795 65335 131 0 2.5 0
13/10/2022 00:00:00 58078 64667 129 0 2.5 0
14/10/2022 00:00:00 57361 63992 128 0 2.5 0
15/10/2022 00:00:00 56645 63315 127 0 2.5 0
16/10/2022 00:00:00 55930 62633 125 0 2.5 0
17/10/2022 00:00:00 55215 61949 124 0 2.5 0
18/10/2022 00:00:00 54501 61262 123 0 2.5 0
19/10/2022 00:00:00 53789 60572 121 0 2.5 0
20/10/2022 00:00:00 53078 59881 120 0 2.5 0
21/10/2022 00:00:00 52371 59188 118 0 2.5 0
22/10/2022 00:00:00 51664 58494 117 0 2.5 0
23/10/2022 00:00:00 50962 57799 116 0 2.5 0
24/10/2022 00:00:00 50261 57104 114 0 2.5 0
25/10/2022 00:00:00 49564 56407 113 0 2.5 0
26/10/2022 00:00:00 48870 55713 111 0 2.5 0
27/10/2022 00:00:00 48180 55017 110 0 2.5 0
28/10/2022 00:00:00 47494 54323 109 0 2.5 0
29/10/2022 00:00:00 46812 53630 107 0 2.5 0
30/10/2022 00:00:00 46134 52938 106 0 2.5 0
31/10/2022 00:00:00 45460 52247 104 0 2.5 0
1/11/2022 00:00:00 44792 51560 104 0 2.5 0
2/11/2022 00:00:00 44127 50874 101 0 2.5 0
3/11/2022 00:00:00 43468 50190 101 0 2.5 0
4/11/2022 00:00:00 42815 49509 99 0 2.5 0
5/11/2022 00:00:00 42165 48832 97 0 2.5 0
6/11/2022 00:00:00 41523 48157 97 0 2.5 0
7/11/2022 00:00:00 40884 47485 95 0 2.5 0
8/11/2022 00:00:00 40252 46818 93 0 2.5 0
9/11/2022 00:00:00 39626 46153 93 0 2.5 0
10/11/2022 00:00:00 39006 45494 91 0 2.5 0
11/11/2022 00:00:00 38391 44838 89 0 2.5 0
12/11/2022 00:00:00 37782 44187 89 0 2.5 0
13/11/2022 00:00:00 37180 43539 87 0 2.5 0
14/11/2022 00:00:00 36584 42897 85 0 2.5 0
15/11/2022 00:00:00 35995 42260 85 0 2.5 0
16/11/2022 00:00:00 35410 41627 83 0 2.5 0
17/11/2022 00:00:00 34834 41000 82 0 2.5 0
18/11/2022 00:00:00 34263 40378 81 0 2.5 0
19/11/2022 00:00:00 33699 39761 80 0 2.5 0
20/11/2022 00:00:00 33141 39149 78 0 2.5 0
21/11/2022 00:00:00 32590 38544 77 0 2.5 0
22/11/2022 00:00:00 32046 37943 76 0 2.5 0
23/11/2022 00:00:00 31508 37349 75 0 2.5 0
24/11/2022 00:00:00 30977 36760 73 0 2.5 0
25/11/2022 00:00:00 30452 36178 72 0 2.5 0
26/11/2022 00:00:00 29934 35600 72 0 2.5 0
27/11/2022 00:00:00 29424 35031 70 0 2.5 0
28/11/2022 00:00:00 28918 34465 69 0 2.5 0
29/11/2022 00:00:00 28421 33907 67 0 2.5 0
30/11/2022 00:00:00 27930 33355 67 0 2.5 0
1/12/2022 00:00:00 27445 32808 66 0 2.5 0
2/12/2022 00:00:00 26967 32269 64 0 2.5 0
3/12/2022 00:00:00 26495 31735 64 0 2.5 0
4/12/2022 00:00:00 26031 31209 62 0 2.5 0
5/12/2022 00:00:00 25573 30687 62 0 2.5 0
6/12/2022 00:00:00 25120 30173 60 0 2.5 0
7/12/2022 00:00:00 24676 29665 59 0 2.5 0
8/12/2022 00:00:00 24237 29163 59 0 2.5 0
9/12/2022 00:00:00 23804 28668 57 0 2.5 0
10/12/2022 00:00:00 23379 28179 56 0 2.5 0
11/12/2022 00:00:00 22959 27697 56 0 2.5 0
12/12/2022 00:00:00 22545 27220 54 0 2.5 0
13/12/2022 00:00:00 22139 26751 54 0 2.5 0
14/12/2022 00:00:00 21737 26288 52 0 2.5 0
15/12/2022 00:00:00 21343 25830 52 0 2.5 0
16/12/2022 00:00:00 20955 25379 51 0 2.5 0
17/12/2022 00:00:00 20571 24935 49 0 2.5 0
18/12/2022 00:00:00 20196 24497 49 0 2.5 0
19/12/2022 00:00:00 19824 24065 49 0 2.5 0
20/12/2022 00:00:00 19460 23639 47 0 2.5 0
21/12/2022 00:00:00 19101 23220 46 0 2.5 0
22/12/2022 00:00:00 18748 22806 46 0 2.5 0
23/12/2022 00:00:00 18400 22399 45 0 2.5 0
24/12/2022 00:00:00 18059 21998 44 0 2.5 0
25/12/2022 00:00:00 17723 21602 43 0 2.5 0
26/12/2022 00:00:00 17392 21213 42 0 2.5 0
27/12/2022 00:00:00 17067 20830 42 0 2.5 0
28/12/2022 00:00:00 16747 20452 41 0 2.5 0
29/12/2022 00:00:00 16433 20080 40 0 2.5 0
30/12/2022 00:00:00 16123 19715 39 0 2.5 0
31/12/2022 00:00:00 15820 19354 39 0 2.5 0
1/1/2023 00:00:00 15521 19000 38 0 2.5 0
2/1/2023 00:00:00 15228 18651 37 0 2.5 0
3/1/2023 00:00:00 14939 18307 37 0 2.5 0
4/1/2023 00:00:00 14655 17970 36 0 2.5 0
5/1/2023 00:00:00 14376 17638 35 0 2.5 0
6/1/2023 00:00:00 14103 17310 35 0 2.5 0
7/1/2023 00:00:00 13833 16989 34 0 2.5 0
8/1/2023 00:00:00 13569 16673 33 0 2.5 0
9/1/2023 00:00:00 13309 16362 33 0 2.5 0
10/1/2023 00:00:00 13054 16055 32 0 2.5 0
11/1/2023 00:00:00 12803 15755 32 0 2.5 0
12/1/2023 00:00:00 12557 15459 30 0 2.5 0
13/1/2023 00:00:00 12315 15168 31 0 2.5 0
14/1/2023 00:00:00 12077 14883 30 0 2.5 0
15/1/2023 00:00:00 11845 14601 29 0 2.5 0
16/1/2023 00:00:00 11614 14325 28 0 2.5 0
17/1/2023 00:00:00 11390 14053 29 0 2.5 0
18/1/2023 00:00:00 11169 13787 27 0 2.5 0
19/1/2023 00:00:00 10952 13524 27 0 2.5 0
20/1/2023 00:00:00 10739 13267 27 0 2.5 0
21/1/2023 00:00:00 10530 13013 26 0 2.5 0
22/1/2023 00:00:00 10325 12765 25 0 2.5 0
23/1/2023 00:00:00 10123 12521 25 0 2.5 0
24/1/2023 00:00:00 9925 12280 25 0 2.5 0
25/1/2023 00:00:00 9731 12044 24 0 2.5 0
26/1/2023 00:00:00 9540 11813 24 0 2.5 0
27/1/2023 00:00:00 9354 11585 23 0 2.5 0
28/1/2023 00:00:00 9169 11362 22 0 2.5 0
29/1/2023 00:00:00 8990 11142 23 0 2.5 0
30/1/2023 00:00:00 8813 10927 22 0 2.5 0
31/1/2023 00:00:00 8639 10715 21 0 2.5 0
1/2/2023 00:00:00 8469 10507 21 0 2.5 0
2/2/2023 00:00:00 8302 10303 21 0 2.5 0
3/2/2023 00:00:00 8138 10103 20 0 2.5 0
4/2/2023 00:00:00 7977 9906 20 0 2.5 0
5/2/2023 00:00:00 7819 9714 19 0 2.5 0
6/2/2023 00:00:00 7665 9523 19 0 2.5 0
7/2/2023 00:00:00 7512 9338 19 0 2.5 0
8/2/2023 00:00:00 7364 9154 18 0 2.5 0
9/2/2023 00:00:00 7218 8976 18 0 2.5 0
10/2/2023 00:00:00 7074 8799 18 0 2.5 0
11/2/2023 00:00:00 6933 8627 17 0 2.5 0
12/2/2023 00:00:00 6796 8458 17 0 2.5 0
13/2/2023 00:00:00 6660 8291 16 0 2.5 0
14/2/2023 00:00:00 6527 8128 17 0 2.5 0
15/2/2023 00:00:00 6398 7968 16 0 2.5 0
16/2/2023 00:00:00 6269 7810 15 0 2.5 0
17/2/2023 00:00:00 6145 7657 16 0 2.5 0
18/2/2023 00:00:00 6021 7505 15 0 2.5 0
19/2/2023 00:00:00 5901 7357 14 0 2.5 0
20/2/2023 00:00:00 5784 7211 15 0 2.5 0
21/2/2023 00:00:00 5667 7068 14 0 2.5 0
22/2/2023 00:00:00 5554 6928 14 0 2.5 0
23/2/2023 00:00:00 5442 6791 13 0 2.5 0
24/2/2023 00:00:00 5334 6655 14 0 2.5 0
25/2/2023 00:00:00 5226 6524 13 0 2.5 0
26/2/2023 00:00:00 5121 6393 12 0 2.5 0
27/2/2023 00:00:00 5019 6267 13 0 2.5 0
28/2/2023 00:00:00 4917 6141 12 0 2.5 0
1/3/2023 00:00:00 4819 6019 12 0 2.5 0
2/3/2023 00:00:00 4721 5899 12 0 2.5 0
3/3/2023 00:00:00 4627 5782 12 0 2.5 0
4/3/2023 00:00:00 4533 5665 11 0 2.5 0
5/3/2023 00:00:00 4442 5553 11 0 2.5 0
6/3/2023 00:00:00 4352 5441 11 0 2.5 0
7/3/2023 00:00:00 4265 5333 11 0 2.5 0
8/3/2023 00:00:00 4178 5226 10 0 2.5 0
9/3/2023 00:00:00 4094 5120 10 0 2.5 0
10/3/2023 00:00:00 4012 5019 10 0 2.5 0
11/3/2023 00:00:00 3930 4917 10 0 2.5 0
12/3/2023 00:00:00 3851 4819 10 0 2.5 0
13/3/2023 00:00:00 3773 4722 9 0 2.5 0
14/3/2023 00:00:00 3696 4627 10 0 2.5 0
15/3/2023 00:00:00 3622 4534 9 0 2.5 0
16/3/2023 00:00:00 3548 4443 8 0 2.5 0
17/3/2023 00:00:00 3477 4353 9 0 2.5 0
18/3/2023 00:00:00 3406 4266 9 0 2.5 0
19/3/2023 00:00:00 3337 4180 8 0 2.5 0
20/3/2023 00:00:00 3269 4095 8 0 2.5 0
21/3/2023 00:00:00 3203 4013 8 0 2.5 0
22/3/2023 00:00:00 3138 3932 8 0 2.5 0
23/3/2023 00:00:00 3074 3852 8 0 2.5 0
24/3/2023 00:00:00 3012 3775 7 0 2.5 0
25/3/2023 00:00:00 2950 3698 8 0 2.5 0
26/3/2023 00:00:00 2891 3624 7 0 2.5 0
27/3/2023 00:00:00 2831 3550 7 0 2.5 0
28/3/2023 00:00:00 2775 3479 7 0 2.5 0
29/3/2023 00:00:00 2717 3408 7 0 2.5 0
30/3/2023 00:00:00 2663 3339 7 0 2.5 0
31/3/2023 00:00:00 2608 3271 6 0 2.5 0
1/4/2023 00:00:00 2555 3205 7 0 2.5 0
2/4/2023 00:00:00 2503 3140 6 0 2.5 0
3/4/2023 00:00:00 2452 3077 6 0 2.5 0
4/4/2023 00:00:00 2402 3014 6 0 2.5 0
5/4/2023 00:00:00 2354 2952 6 0 2.5 0
6/4/2023 00:00:00 2305 2893 6 0 2.5 0
7/4/2023 00:00:00 2258 2834 5 0 2.5 0
8/4/2023 00:00:00 2212 2777 6 0 2.5 0
9/4/2023 00:00:00 2167 2720 5 0 2.5 0
10/4/2023 00:00:00 2123 2665 6 0 2.5 0
11/4/2023 00:00:00 2079 2610 5 0 2.5 0
12/4/2023 00:00:00 2037 2558 5 0 2.5 0
13/4/2023 00:00:00 1995 2505 5 0 2.5 0
14/4/2023 00:00:00 1955 2455 5 0 2.5 0
15/4/2023 00:00:00 1915 2404 5 0 2.5 0
16/4/2023 00:00:00 1875 2356 4 0 2.5 0
17/4/2023 00:00:00 1837 2308 5 0 2.5 0
18/4/2023 00:00:00 1800 2260 5 0 2.5 0
19/4/2023 00:00:00 1763 2215 4 0 2.5 0
20/4/2023 00:00:00 1727 2169 4 0 2.5 0
21/4/2023 00:00:00 1691 2125 5 0 2.5 0
22/4/2023 00:00:00 1657 2082 4 0 2.5 0
23/4/2023 00:00:00 1623 2039 4 0 2.5 0
24/4/2023 00:00:00 1590 1998 4 0 2.5 0
25/4/2023 00:00:00 1557 1957 4 0 2.5 0
26/4/2023 00:00:00 1525 1917 4 0 2.5 0
27/4/2023 00:00:00 1494 1877 3 0 2.5 0
28/4/2023 00:00:00 1464 1840 4 0 2.5 0
29/4/2023 00:00:00 1433 1802 4 0 2.5 0
30/4/2023 00:00:00 1405 1765 3 0 2.5 0
1/5/2023 00:00:00 1375 1729 4 0 2.5 0
2/5/2023 00:00:00 1347 1693 3 0 2.5 0
3/5/2023 00:00:00 1320 1659 3 0 2.5 0
4/5/2023 00:00:00 1292 1625 4 0 2.5 0
5/5/2023 00:00:00 1266 1592 3 0 2.5 0
6/5/2023 00:00:00 1241 1560 3 0 2.5 0
7/5/2023 00:00:00 1214 1527 3 0 2.5 0
8/5/2023 00:00:00 1190 1496 3 0 2.5 0
9/5/2023 00:00:00 1165 1466 3 0 2.5 0
10/5/2023 00:00:00 1142 1435 3 0 2.5 0
11/5/2023 00:00:00 1118 1406 3 0 2.5 0
12/5/2023 00:00:00 1095 1378 2 0 2.5 0
13/5/2023 00:00:00 1072 1349 3 0 2.5 0
14/5/2023 00:00:00 1051 1321 3 0 2.5 0
15/5/2023 00:00:00 1029 1295 2 0 2.5 0
16/5/2023 00:00:00 1008 1268 3 0 2.5 0
17/5/2023 00:00:00 987 1241 2 0 2.5 0
18/5/2023 00:00:00 967 1217 3 0 2.5 0
19/5/2023 00:00:00 947 1191 2 0 2.5 0
20/5/2023 00:00:00 928 1167 2 0 2.5 0
21/5/2023 00:00:00 909 1144 3 0 2.5 0
22/5/2023 00:00:00 890 1119 2 0 2.5 0
23/5/2023 00:00:00 871 1097 2 0 2.5 0
24/5/2023 00:00:00 854 1074 2 0 2.5 0
25/5/2023 00:00:00 836 1053 2 0 2.5 0
26/5/2023 00:00:00 819 1030 2 0 2.5 0
27/5/2023 00:00:00 802 1010 2 0 2.5 0
28/5/2023 00:00:00 786 988 2 0 2.5 0
29/5/2023 00:00:00 770 969 2 0 2.5 0
30/5/2023 00:00:00 753 949 2 0 2.5 0
31/5/2023 00:00:00 739 929 2 0 2.5 0
1/6/2023 00:00:00 723 910 2 0 2.5 0
2/6/2023 00:00:00 708 891 2 0 2.5 0
3/6/2023 00:00:00 694 873 1 0 2.5 0
4/6/2023 00:00:00 679 855 2 0 2.5 0
5/6/2023 00:00:00 665 838 2 0 2.5 0
6/6/2023 00:00:00 652 820 2 0 2.5 0
7/6/2023 00:00:00 638 804 1 0 2.5 0
8/6/2023 00:00:00 626 787 2 0 2.5 0
9/6/2023 00:00:00 612 770 1 0 2.5 0
10/6/2023 00:00:00 600 755 2 0 2.5 0
11/6/2023 00:00:00 587 740 1 0 2.5 0
12/6/2023 00:00:00 575 724 2 0 2.5 0
13/6/2023 00:00:00 564 710 1 0 2.5 0
14/6/2023 00:00:00 552 694 1 0 2.5 0
15/6/2023 00:00:00 540 681 2 0 2.5 0
16/6/2023 00:00:00 530 666 1 0 2.5 0
17/6/2023 00:00:00 518 653 1 0 2.5 0
18/6/2023 00:00:00 508 640 2 0 2.5 0
19/6/2023 00:00:00 497 626 1 0 2.5 0
20/6/2023 00:00:00 488 613 1 0 2.5 0
21/6/2023 00:00:00 477 601 1 0 2.5 0
22/6/2023 00:00:00 467 589 2 0 2.5 0
23/6/2023 00:00:00 458 576 1 0 2.5 0
24/6/2023 00:00:00 448 564 1 0 2.5 0
25/6/2023 00:00:00 439 553 1 0 2.5 0
26/6/2023 00:00:00 430 542 1 0 2.5 0
27/6/2023 00:00:00 421 530 1 0 2.5 0
28/6/2023 00:00:00 413 519 1 0 2.5 0
29/6/2023 00:00:00 403 509 1 0 2.5 0
30/6/2023 00:00:00 396 498 1 0 2.5 0
1/7/2023 00:00:00 388 488 1 0 2.5 0
2/7/2023 00:00:00 379 478 1 0 2.5 0
3/7/2023 00:00:00 372 468 1 0 2.5 0
4/7/2023 00:00:00 364 459 1 0 2.5 0
5/7/2023 00:00:00 356 449 1 0 2.5 0
6/7/2023 00:00:00 350 440 1 0 2.5 0
7/7/2023 00:00:00 342 431 1 0 2.5 0
8/7/2023 00:00:00 335 421 0 0 2.5 0
9/7/2023 00:00:00 328 414 1 0 2.5 0
10/7/2023 00:00:00 321 404 1 0 2.5 0
11/7/2023 00:00:00 315 397 1 0 2.5 0
12/7/2023 00:00:00 308 388 1 0 2.5 0
13/7/2023 00:00:00 302 380 0 0 2.5 0
14/7/2023 00:00:00 296 373 1 0 2.5 0
15/7/2023 00:00:00 289 364 1 0 2.5 0
16/7/2023 00:00:00 284 357 1 0 2.5 0
17/7/2023 00:00:00 277 350 0 0 2.5 0
18/7/2023 00:00:00 272 343 1 0 2.5 0
19/7/2023 00:00:00 267 336 1 0 2.5 0
20/7/2023 00:00:00 261 328 0 0 2.5 0
21/7/2023 00:00:00 255 322 1 0 2.5 0
22/7/2023 00:00:00 251 315 1 0 2.5 0
23/7/2023 00:00:00 245 309 0 0 2.5 0
24/7/2023 00:00:00 240 303 1 0 2.5 0
25/7/2023 00:00:00 235 296 0 0 2.5 0
26/7/2023 00:00:00 230 290 1 0 2.5 0
27/7/2023 00:00:00 226 284 1 0 2.5 0
28/7/2023 00:00:00 221 278 0 0 2.5 0
29/7/2023 00:00:00 216 273 1 0 2.5 0
30/7/2023 00:00:00 212 267 0 0 2.5 0
31/7/2023 00:00:00 207 261 1 0 2.5 0
1/8/2023 00:00:00 204 256 0 0 2.5 0
2/8/2023 00:00:00 199 251 1 0 2.5 0
3/8/2023 00:00:00 194 245 0 0 2.5 0
4/8/2023 00:00:00 191 241 1 0 2.5 0
5/8/2023 00:00:00 187 235 0 0 2.5 0
6/8/2023 00:00:00 184 231 1 0 2.5 0
7/8/2023 00:00:00 179 226 0 0 2.5 0
8/8/2023 00:00:00 176 221 1 0 2.5 0
9/8/2023 00:00:00 172 217 0 0 2.5 0
10/8/2023 00:00:00 168 212 0 0 2.5 0
11/8/2023 00:00:00 165 208 1 0 2.5 0
12/8/2023 00:00:00 162 204 0 0 2.5 0
13/8/2023 00:00:00 158 199 1 0 2.5 0
14/8/2023 00:00:00 155 196 0 0 2.5 0
15/8/2023 00:00:00 152 191 0 0 2.5 0
16/8/2023 00:00:00 148 187 1 0 2.5 0
17/8/2023 00:00:00 146 184 0 0 2.5 0
18/8/2023 00:00:00 143 179 1 0 2.5 0
19/8/2023 00:00:00 139 176 0 0 2.5 0
20/8/2023 00:00:00 137 173 0 0 2.5 0
21/8/2023 00:00:00 134 169 1 0 2.5 0
22/8/2023 00:00:00 131 165 0 0 2.5 0
23/8/2023 00:00:00 129 162 0 0 2.5 0
24/8/2023 00:00:00 126 158 1 0 2.5 0
25/8/2023 00:00:00 123 156 0 0 2.5 0
26/8/2023 00:00:00 121 152 0 0 2.5 0
27/8/2023 00:00:00 118 149 0 0 2.5 0
28/8/2023 00:00:00 116 146 1 0 2.5 0
29/8/2023 00:00:00 113 143 0 0 2.5 0
30/8/2023 00:00:00 111 139 0 0 2.5 0
31/8/2023 00:00:00 109 138 1 0 2.5 0
1/9/2023 00:00:00 107 134 0 0 2.5 0
2/9/2023 00:00:00 104 131 0 0 2.5 0
3/9/2023 00:00:00 102 129 0 0 2.5 0
4/9/2023 00:00:00 100 126 1 0 2.5 0
5/9/2023 00:00:00 98 124 0 0 2.5 0
6/9/2023 00:00:00 96 121 0 0 2.5 0
7/9/2023 00:00:00 94 118 0 0 2.5 0
8/9/2023 00:00:00 92 116 1 0 2.5 0
9/9/2023 00:00:00 90 114 0 0 2.5 0
10/9/2023 00:00:00 89 111 0 0 2.5 0
11/9/2023 00:00:00 86 109 0 0 2.5 0
12/9/2023 00:00:00 85 107 0 0 2.5 0
13/9/2023 00:00:00 83 104 1 0 2.5 0
14/9/2023 00:00:00 81 103 0 0 2.5 0
15/9/2023 00:00:00 80 100 0 0 2.5 0
16/9/2023 00:00:00 78 98 0 0 2.5 0
17/9/2023 00:00:00 76 96 0 0 2.5 0
18/9/2023 00:00:00 75 94 1 0 2.5 0
19/9/2023 00:00:00 73 93 0 0 2.5 0
20/9/2023 00:00:00 72 90 0 0 2.5 0
21/9/2023 00:00:00 70 88 0 0 2.5 0
22/9/2023 00:00:00 69 87 0 0 2.5 0
23/9/2023 00:00:00 67 85 1 0 2.5 0
24/9/2023 00:00:00 66 83 0 0 2.5 0
25/9/2023 00:00:00 65 82 0 0 2.5 0
26/9/2023 00:00:00 63 79 0 0 2.5 0
27/9/2023 00:00:00 62 78 0 0 2.5 0
28/9/2023 00:00:00 61 77 0 0 2.5 0
29/9/2023 00:00:00 59 75 0 0 2.5 0
30/9/2023 00:00:00 58 73 1 0 2.5 0
1/10/2023 00:00:00 57 72 0 0 2.5 0
2/10/2023 00:00:00 56 70 0 0 2.5 0
3/10/2023 00:00:00 55 69 0 0 2.5 0
4/10/2023 00:00:00 53 68 0 0 2.5 0
5/10/2023 00:00:00 53 66 0 0 2.5 0
6/10/2023 00:00:00 51 65 0 0 2.5 0
7/10/2023 00:00:00 50 63 1 0 2.5 0
8/10/2023 00:00:00 50 62 0 0 2.5 0
9/10/2023 00:00:00 48 61 0 0 2.5 0
10/10/2023 00:00:00 47 59 0 0 2.5 0
11/10/2023 00:00:00 46 59 0 0 2.5 0
12/10/2023 00:00:00 46 57 0 0 2.5 0
13/10/2023 00:00:00 44 56 0 0 2.5 0
14/10/2023 00:00:00 44 55 0 0 2.5 0
15/10/2023 00:00:00 42 53 0 0 2.5 0
16/10/2023 00:00:00 42 53 1 0 2.5 0
17/10/2023 00:00:00 41 51 0 0 2.5 0
18/10/2023 00:00:00 40 51 0 0 2.5 0
19/10/2023 00:00:00 39 49 0 0 2.5 0
20/10/2023 00:00:00 38 48 0 0 2.5 0
21/10/2023 00:00:00 38 48 0 0 2.5 0
22/10/2023 00:00:00 37 46 0 0 2.5 0
23/10/2023 00:00:00 36 45 0 0 2.5 0
24/10/2023 00:00:00 35 45 0 0 2.5 0
25/10/2023 00:00:00 35 43 0 0 2.5 0
26/10/2023 00:00:00 33 43 1 0 2.5 0
27/10/2023 00:00:00 34 42 0 0 2.5 0
28/10/2023 00:00:00 32 41 0 0 2.5 0
29/10/2023 00:00:00 32 40 0 0 2.5 0
30/10/2023 00:00:00 31 39 0 0 2.5 0
31/10/2023 00:00:00 30 39 0 0 2.5 0
1/11/2023 00:00:00 30 37 0 0 2.5 0
2/11/2023 00:00:00 30 37 0 0 2.5 0
3/11/2023 00:00:00 28 36 0 0 2.5 0
4/11/2023 00:00:00 28 36 0 0 2.5 0
5/11/2023 00:00:00 28 34 0 0 2.5 0
6/11/2023 00:00:00 27 34 0 0 2.5 0
7/11/2023 00:00:00 26 33 0 0 2.5 0
8/11/2023 00:00:00 26 33 0 0 2.5 0
9/11/2023 00:00:00 25 32 1 0 2.5 0
10/11/2023 00:00:00 25 31 0 0 2.5 0
11/11/2023 00:00:00 24 31 0 0 2.5 0
12/11/2023 00:00:00 24 29 0 0 2.5 0
13/11/2023 00:00:00 23 30 0 0 2.5 0
14/11/2023 00:00:00 23 29 0 0 2.5 0
15/11/2023 00:00:00 22 28 0 0 2.5 0
16/11/2023 00:00:00 22 27 0 0 2.5 0
17/11/2023 00:00:00 22 27 0 0 2.5 0
18/11/2023 00:00:00 21 27 0 0 2.5 0
19/11/2023 00:00:00 20 25 0 0 2.5 0
20/11/2023 00:00:00 20 26 0 0 2.5 0
21/11/2023 00:00:00 20 25 0 0 2.5 0
22/11/2023 00:00:00 19 24 0 0 2.5 0
23/11/2023 00:00:00 19 24 0 0 2.5 0
24/11/2023 00:00:00 19 23 0 0 2.5 0
25/11/2023 00:00:00 18 23 0 0 2.5 0
26/11/2023 00:00:00 17 22 0 0 2.5 0
27/11/2023 00:00:00 18 22 0 0 2.5 0
28/11/2023 00:00:00 17 22 1 0 2.5 0
29/11/2023 00:00:00 16 21 0 0 2.5 0
30/11/2023 00:00:00 17 20 0 0 2.5 0
1/12/2023 00:00:00 16 20 0 0 2.5 0
2/12/2023 00:00:00 15 20 0 0 2.5 0
3/12/2023 00:00:00 16 19 0 0 2.5 0
4/12/2023 00:00:00 15 19 0 0 2.5 0
5/12/2023 00:00:00 14 19 0 0 2.5 0
6/12/2023 00:00:00 15 18 0 0 2.5 0
7/12/2023 00:00:00 14 18 0 0 2.5 0
8/12/2023 00:00:00 14 17 0 0 2.5 0
9/12/2023 00:00:00 13 17 0 0 2.5 0
10/12/2023 00:00:00 14 17 0 0 2.5 0
11/12/2023 00:00:00 13 16 0 0 2.5 0
12/12/2023 00:00:00 12 16 0 0 2.5 0
13/12/2023 00:00:00 13 16 0 0 2.5 0
14/12/2023 00:00:00 12 15 0 0 2.5 0
15/12/2023 00:00:00 12 15 0 0 2.5 0
16/12/2023 00:00:00 12 15 0 0 2.5 0
17/12/2023 00:00:00 11 14 0 0 2.5 0
18/12/2023 00:00:00 11 15 0 0 2.5 0
19/12/2023 00:00:00 11 13 0 0 2.5 0
20/12/2023 00:00:00 11 14 0 0 2.5 0
21/12/2023 00:00:00 10 13 0 0 2.5 0
22/12/2023 00:00:00 11 13 0 0 2.5 0
23/12/2023 00:00:00 10 13 0 0 2.5 0
24/12/2023 00:00:00 10 12 0 0 2.5 0
25/12/2023 00:00:00 9 13 0 0 2.5 0
26/12/2023 00:00:00 10 12 0 0 2.5 0
27/12/2023 00:00:00 9 11 0 0 2.5 0
28/12/2023 00:00:00 9 12 0 0 2.5 0
29/12/2023 00:00:00 9 11 1 0 2.5 0
30/12/2023 00:00:00 9 11 0 0 2.5 0
31/12/2023 00:00:00 9 11 0 0 2.5 0
1/1/2024 00:00:00 8 10 0 0 2.5 0
2/1/2024 00:00:00 8 11 0 0 2.5 0
3/1/2024 00:00:00 8 10 0 0 2.5 0
4/1/2024 00:00:00 8 10 0 0 2.5 0
5/1/2024 00:00:00 8 9 0 0 2.5 0
6/1/2024 00:00:00 7 10 0 0 2.5 0
7/1/2024 00:00:00 8 9 0 0 2.5 0
8/1/2024 00:00:00 7 9 0 0 2.5 0
9/1/2024 00:00:00 7 9 0 0 2.5 0
10/1/2024 00:00:00 7 9 0 0 2.5 0
11/1/2024 00:00:00 7 9 0 0 2.5 0
12/1/2024 00:00:00 6 8 0 0 2.5 0
13/1/2024 00:00:00 7 8 0 0 2.5 0
14/1/2024 00:00:00 6 8 0 0 2.5 0
15/1/2024 00:00:00 7 8 0 0 2.5 0
16/1/2024 00:00:00 6 8 0 0 2.5 0
17/1/2024 00:00:00 6 7 0 0 2.5 0
18/1/2024 00:00:00 6 8 0 0 2.5 0
19/1/2024 00:00:00 5 7 0 0 2.5 0
20/1/2024 00:00:00 6 7 0 0 2.5 0
21/1/2024 00:00:00 5 7 0 0 2.5 0
22/1/2024 00:00:00 6 7 0 0 2.5 0
23/1/2024 00:00:00 5 7 0 0 2.5 0
24/1/2024 00:00:00 5 6 0 0 2.5 0
25/1/2024 00:00:00 5 7 0 0 2.5 0
26/1/2024 00:00:00 5 6 0 0 2.5 0
27/1/2024 00:00:00 5 6 0 0 2.5 0
28/1/2024 00:00:00 5 6 0 0 2.5 0
29/1/2024 00:00:00 5 6 0 0 2.5 0
30/1/2024 00:00:00 4 6 0 0 2.5 0
31/1/2024 00:00:00 5 5 0 0 2.5 0
1/2/2024 00:00:00 4 6 0 0 2.5 0
2/2/2024 00:00:00 4 5 0 0 2.5 0
3/2/2024 00:00:00 5 6 0 0 2.5 0
4/2/2024 00:00:00 4 5 0 0 2.5 0
5/2/2024 00:00:00 4 5 0 0 2.5 0
6/2/2024 00:00:00 4 5 0 0 2.5 0
7/2/2024 00:00:00 4 5 0 0 2.5 0
8/2/2024 00:00:00 3 4 0 0 2.5 0
9/2/2024 00:00:00 4 5 0 0 2.5 0
10/2/2024 00:00:00 4 5 0 0 2.5 0
11/2/2024 00:00:00 3 4 0 0 2.5 0
12/2/2024 00:00:00 4 5 0 0 2.5 0
13/2/2024 00:00:00 3 4 0 0 2.5 0
14/2/2024 00:00:00 4 4 0 0 2.5 0
15/2/2024 00:00:00 3 4 0 0 2.5 0
16/2/2024 00:00:00 3 4 0 0 2.5 0
17/2/2024 00:00:00 3 4 0 0 2.5 0
18/2/2024 00:00:00 3 4 0 0 2.5 0
19/2/2024 00:00:00 3 4 0 0 2.5 0
20/2/2024 00:00:00 3 4 0 0 2.5 0
21/2/2024 00:00:00 3 3 0 0 2.5 0
22/2/2024 00:00:00 3 4 0 0 2.5 0
23/2/2024 00:00:00 3 3 0 0 2.5 0
24/2/2024 00:00:00 2 4 0 0 2.5 0
25/2/2024 00:00:00 3 3 0 0 2.5 0
26/2/2024 00:00:00 3 3 0 0 2.5 0
27/2/2024 00:00:00 2 4 0 0 2.5 0
28/2/2024 00:00:00 3 3 0 0 2.5 0
29/2/2024 00:00:00 2 3 0 0 2.5 0
1/3/2024 00:00:00 3 3 0 0 2.5 0
2/3/2024 00:00:00 2 3 0 0 2.5 0
3/3/2024 00:00:00 2 3 0 0 2.5 0
4/3/2024 00:00:00 3 3 0 0 2.5 0
5/3/2024 00:00:00 2 2 0 0 2.5 0
6/3/2024 00:00:00 2 3 0 0 2.5 0
7/3/2024 00:00:00 2 3 0 0 2.5 0
8/3/2024 00:00:00 2 2 0 0 2.5 0
9/3/2024 00:00:00 2 3 0 0 2.5 0
10/3/2024 00:00:00 2 2 0 0 2.5 0
11/3/2024 00:00:00 2 3 0 0 2.5 0
12/3/2024 00:00:00 2 2 0 0 2.5 0
13/3/2024 00:00:00 2 3 0 0 2.5 0
14/3/2024 00:00:00 2 2 0 0 2.5 0
15/3/2024 00:00:00 1 2 0 0 2.5 0
16/3/2024 00:00:00 2 2 0 0 2.5 0
17/3/2024 00:00:00 2 3 0 0 2.5 0
18/3/2024 00:00:00 2 2 0 0 2.5 0
19/3/2024 00:00:00 1 2 0 0 2.5 0
20/3/2024 00:00:00 2 2 0 0 2.5 0
21/3/2024 00:00:00 1 2 0 0 2.5 0
22/3/2024 00:00:00 2 2 0 0 2.5 0
23/3/2024 00:00:00 2 2 0 0 2.5 0
24/3/2024 00:00:00 1 2 0 0 2.5 0
25/3/2024 00:00:00 1 1 0 0 2.5 0
26/3/2024 00:00:00 2 2 0 0 2.5 0
27/3/2024 00:00:00 1 2 0 0 2.5 0
28/3/2024 00:00:00 2 2 0 0 2.5 0
29/3/2024 00:00:00 1 1 0 0 2.5 0
30/3/2024 00:00:00 1 2 0 0 2.5 0
31/3/2024 00:00:00 2 2 0 0 2.5 0
1/4/2024 00:00:00 1 1 0 0 2.5 0
2/4/2024 00:00:00 1 2 0 0 2.5 0
3/4/2024 00:00:00 1 1 0 0 2.5 0
4/4/2024 00:00:00 1 2 0 0 2.5 0
5/4/2024 00:00:00 2 1 0 0 2.5 0
6/4/2024 00:00:00 1 2 0 0 2.5 0
7/4/2024 00:00:00 1 1 0 0 2.5 0
8/4/2024 00:00:00 1 1 0 0 2.5 0
9/4/2024 00:00:00 1 2 0 0 2.5 0
10/4/2024 00:00:00 1 1 0 0 2.5 0
11/4/2024 00:00:00 1 1 0 0 2.5 0
12/4/2024 00:00:00 1 2 0 0 2.5 0
13/4/2024 00:00:00 1 1 0 0 2.5 0
14/4/2024 00:00:00 1 1 0 0 2.5 0
15/4/2024 00:00:00 1 1 0 0 2.5 0
16/4/2024 00:00:00 1 1 0 0 2.5 0
17/4/2024 00:00:00 1 2 0 0 2.5 0
18/4/2024 00:00:00 1 1 0 0 2.5 0
19/4/2024 00:00:00 0 1 0 0 2.5 0
20/4/2024 00:00:00 1 1 0 0 2.5 0
21/4/2024 00:00:00 1 1 0 0 2.5 0
22/4/2024 00:00:00 1 1 0 0 2.5 0
23/4/2024 00:00:00 1 1 0 0 2.5 0
24/4/2024 00:00:00 1 1 0 0 2.5 0
25/4/2024 00:00:00 0 1 0 0 2.5 0
26/4/2024 00:00:00 1 1 0 0 2.5 0
27/4/2024 00:00:00 1 1 0 0 2.5 0
28/4/2024 00:00:00 0 1 0 0 2.5 0
29/4/2024 00:00:00 1 0 0 0 2.5 0
30/4/2024 00:00:00 1 1 0 0 2.5 0
1/5/2024 00:00:00 1 1 0 0 2.5 0
2/5/2024 00:00:00 0 1 0 0 2.5 0
3/5/2024 00:00:00 1 1 0 0 2.5 0
4/5/2024 00:00:00 0 1 0 0 2.5 0
5/5/2024 00:00:00 1 0 0 0 2.5 0
6/5/2024 00:00:00 1 1 0 0 2.5 0
7/5/2024 00:00:00 0 1 0 0 2.5 0
8/5/2024 00:00:00 1 1 0 0 2.5 0
9/5/2024 00:00:00 0 0 1 0 2.5 0
10/5/2024 00:00:00 1 1 0 0 2.5 0
11/5/2024 00:00:00 1 1 0 0 2.5 0
12/5/2024 00:00:00 0 0 0 0 2.5 0
13/5/2024 00:00:00 1 1 0 0 2.5 0
14/5/2024 00:00:00 0 1 0 0 2.5 0
15/5/2024 00:00:00 1 0 0 0 2.5 0
16/5/2024 00:00:00 0 1 0 0 2.5 0
17/5/2024 00:00:00 1 1 0 0 2.5 0
18/5/2024 00:00:00 0 0 0 0 2.5 0
19/5/2024 00:00:00 1 1 0 0 2.5 0
20/5/2024 00:00:00 0 0 0 0 2.5 0
21/5/2024 00:00:00 0 1 0 0 2.5 0
22/5/2024 00:00:00 1 0 0 0 2.5 0
23/5/2024 00:00:00 0 1 0 0 2.5 0
24/5/2024 00:00:00 1 0 0 0 2.5 0
25/5/2024 00:00:00 0 1 0 0 2.5 0
26/5/2024 00:00:00 0 0 0 0 2.5 0
27/5/2024 00:00:00 1 1 0 0 2.5 0
28/5/2024 00:00:00 0 0 0 0 2.5 0
29/5/2024 00:00:00 1 1 0 0 2.5 0
30/5/2024 00:00:00 0 0 0 0 2.5 0
31/5/2024 00:00:00 0 1 0 0 2.5 0
1/6/2024 00:00:00 1 0 0 0 2.5 0
2/6/2024 00:00:00 0 1 0 0 2.5 0
3/6/2024 00:00:00 0 0 0 0 2.5 0
4/6/2024 00:00:00 1 1 0 0 2.5 0
5/6/2024 00:00:00 0 0 0 0 2.5 0
6/6/2024 00:00:00 0 0 0 0 2.5 0
7/6/2024 00:00:00 1 1 0 0 2.5 0
8/6/2024 00:00:00 0 0 0 0 2.5 0
9/6/2024 00:00:00 0 0 0 0 2.5 0
10/6/2024 00:00:00 1 1 0 0 2.5 0
11/6/2024 00:00:00 0 0 0 0 2.5 0
12/6/2024 00:00:00 0 1 0 0 2.5 0
13/6/2024 00:00:00 0 0 0 0 2.5 0
14/6/2024 00:00:00 1 0 0 0 2.5 0
15/6/2024 00:00:00 0 1 0 0 2.5 0
16/6/2024 00:00:00 0 0 0 0 2.5 0
17/6/2024 00:00:00 0 0 0 0 2.5 0
18/6/2024 00:00:00 1 1 0 0 2.5 0
19/6/2024 00:00:00 0 0 0 0 2.5 0
20/6/2024 00:00:00 0 0 0 0 2.5 0
21/6/2024 00:00:00 0 0 0 0 2.5 0
22/6/2024 00:00:00 1 1 0 0 2.5 0
23/6/2024 00:00:00 0 0 0 0 2.5 0
24/6/2024 00:00:00 0 0 0 0 2.5 0
25/6/2024 00:00:00 0 1 0 0 2.5 0
26/6/2024 00:00:00 1 0 0 0 2.5 0
27/6/2024 00:00:00 0 0 0 0 2.5 0
28/6/2024 00:00:00 0 0 0 0 2.5 0
29/6/2024 00:00:00 0 1 0 0 2.5 0
30/6/2024 00:00:00 0 0 0 0 2.5 0
1/7/2024 00:00:00 0 0 0 0 2.5 0
2/7/2024 00:00:00 1 0 0 0 2.5 0
3/7/2024 00:00:00 0 1 0 0 2.5 0
4/7/2024 00:00:00 0 0 0 0 2.5 0
5/7/2024 00:00:00 0 0 0 0 2.5 0
6/7/2024 00:00:00 0 0 0 0 2.5 0
7/7/2024 00:00:00 1 0 0 0 2.5 0
8/7/2024 00:00:00 0 1 0 0 2.5 0
9/7/2024 00:00:00 0 0 0 0 2.5 0
10/7/2024 00:00:00 0 0 0 0 2.5 0
11/7/2024 00:00:00 0 0 0 0 2.5 0
12/7/2024 00:00:00 0 0 0 0 2.5 0
13/7/2024 00:00:00 0 1 0 0 2.5 0
14/7/2024 00:00:00 1 0 0 0 2.5 0
15/7/2024 00:00:00 0 0 0 0 2.5 0
16/7/2024 00:00:00 0 0 0 0 2.5 0
17/7/2024 00:00:00 0 0 0 0 2.5 0
18/7/2024 00:00:00 0 0 0 0 2.5 0
19/7/2024 00:00:00 0 1 0 0 2.5 0
20/7/2024 00:00:00 0 0 0 0 2.5 0
21/7/2024 00:00:00 1 0 0 0 2.5 0
22/7/2024 00:00:00 0 0 0 0 2.5 0
23/7/2024 00:00:00 0 0 0 0 2.5 0
24/7/2024 00:00:00 0 0 0 0 2.5 0
25/7/2024 00:00:00 0 0 0 0 2.5 0
26/7/2024 00:00:00 0 1 0 0 2.5 0
27/7/2024 00:00:00 0 0 0 0 2.5 0
28/7/2024 00:00:00 0 0 0 0 2.5 0
29/7/2024 00:00:00 0 0 0 0 2.5 0
30/7/2024 00:00:00 1 0 0 0 2.5 0
31/7/2024 00:00:00 0 0 0 0 2.5 0
1/8/2024 00:00:00 0 0 0 0 2.5 0
2/8/2024 00:00:00 0 1 0 0 2.5 0
3/8/2024 00:00:00 0 0 0 0 2.5 0
4/8/2024 00:00:00 0 0 0 0 2.5 0
5/8/2024 00:00:00 0 0 0 0 2.5 0
6/8/2024 00:00:00 0 0 0 0 2.5 0
7/8/2024 00:00:00 0 0 0 0 2.5 0
8/8/2024 00:00:00 0 0 0 0 2.5 0
9/8/2024 00:00:00 0 0 0 0 2.5 0
10/8/2024 00:00:00 1 0 0 0 2.5 0
11/8/2024 00:00:00 0 1 0 0 2.5 0
12/8/2024 00:00:00 0 0 0 0 2.5 0
13/8/2024 00:00:00 0 0 0 0 2.5 0
14/8/2024 00:00:00 0 0 0 0 2.5 0
15/8/2024 00:00:00 0 0 0 0 2.5 0
16/8/2024 00:00:00 0 0 0 0 2.5 0
17/8/2024 00:00:00 0 0 0 0 2.5 0
18/8/2024 00:00:00 0 0 0 0 2.5 0
19/8/2024 00:00:00 0 0 0 0 2.5 0
20/8/2024 00:00:00 0 0 0 0 2.5 0
21/8/2024 00:00:00 0 0 0 0 2.5 0
22/8/2024 00:00:00 0 1 0 0 2.5 0
23/8/2024 00:00:00 0 0 0 0 2.5 0
24/8/2024 00:00:00 1 0 0 0 2.5 0
25/8/2024 00:00:00 0 0 0 0 2.5 0
26/8/2024 00:00:00 0 0 0 0 2.5 0
27/8/2024 00:00:00 0 0 0 0 2.5 0
28/8/2024 00:00:00 0 0 0 0 2.5 0
29/8/2024 00:00:00 0 0 0 0 2.5 0
30/8/2024 00:00:00 0 0 0 0 2.5 0
31/8/2024 00:00:00 0 0 0 0 2.5 0
1/9/2024 00:00:00 0 0 0 0 2.5 0
2/9/2024 00:00:00 0 0 0 0 2.5 0
3/9/2024 00:00:00 0 0 0 0 2.5 0
4/9/2024 00:00:00 0 0 0 0 2.5 0
5/9/2024 00:00:00 0 0 0 0 2.5 0
6/9/2024 00:00:00 0 1 0 0 2.5 0
7/9/2024 00:00:00 0 0 0 0 2.5 0
8/9/2024 00:00:00 0 0 0 0 2.5 0
9/9/2024 00:00:00 0 0 0 0 2.5 0
10/9/2024 00:00:00 0 0 0 0 2.5 0
11/9/2024 00:00:00 0 0 0 0 2.5 0
12/9/2024 00:00:00 0 0 0 0 2.5 0
13/9/2024 00:00:00 1 0 0 0 2.5 0
14/9/2024 00:00:00 0 0 0 0 2.5 0
